Varia por patamar?      ,    0,Unidade ,     MW,     4,     1,  2037,
Varia por serie?        ,    0
# de agentes            ,   20
Estg,Ser.,Pat.,NorthWest   ,West        ,Winnipeg    ,SouthCentral,East        ,NorthEast   ,Stockton    ,Orange      ,Los Angeles ,Entario     ,MILO        ,Biskatchewan,Toronto SY  ,Athens SY   ,E Spruce SY ,New Falls SY,Murkey      ,Bort        ,MILO 2      ,E Spruce GS 
   1,   1,   1,  0.0000    ,  0.0000    ,  4299.0    ,  0.0000    ,  0.0000    ,  60.000    ,  0.0000    ,  0.0000    ,  0.0000    ,  0.0000    ,  0.0000    ,  190.00    ,  0.0000    ,  0.0000    ,  0.0000    ,  0.0000    ,  0.0000    ,  0.0000    ,  0.0000    ,  0.0000    
   2,   1,   1,  0.0000    ,  0.0000    ,  4299.0    ,  0.0000    ,  0.0000    ,  60.000    ,  0.0000    ,  0.0000    ,  0.0000    ,  0.0000    ,  0.0000    ,  190.00    ,  0.0000    ,  0.0000    ,  0.0000    ,  0.0000    ,  0.0000    ,  0.0000    ,  0.0000    ,  0.0000    
   3,   1,   1,  0.0000    ,  0.0000    ,  4299.0    ,  0.0000    ,  0.0000    ,  60.000    ,  0.0000    ,  0.0000    ,  0.0000    ,  0.0000    ,  0.0000    ,  190.00    ,  0.0000    ,  0.0000    ,  0.0000    ,  0.0000    ,  0.0000    ,  0.0000    ,  0.0000    ,  0.0000    
   4,   1,   1,  0.0000    ,  0.0000    ,  3864.0    ,  0.0000    ,  0.0000    ,  60.000    ,  0.0000    ,  0.0000    ,  0.0000    ,  0.0000    ,  0.0000    ,  190.00    ,  0.0000    ,  0.0000    ,  0.0000    ,  0.0000    ,  0.0000    ,  0.0000    ,  0.0000    ,  0.0000    
   5,   1,   1,  0.0000    ,  0.0000    ,  3864.0    ,  0.0000    ,  0.0000    ,  60.000    ,  0.0000    ,  0.0000    ,  0.0000    ,  0.0000    ,  0.0000    ,  190.00    ,  0.0000    ,  0.0000    ,  0.0000    ,  0.0000    ,  0.0000    ,  0.0000    ,  0.0000    ,  0.0000    
   6,   1,   1,  0.0000    ,  0.0000    ,  3864.0    ,  0.0000    ,  0.0000    ,  60.000    ,  0.0000    ,  0.0000    ,  0.0000    ,  0.0000    ,  0.0000    ,  190.00    ,  0.0000    ,  0.0000    ,  0.0000    ,  0.0000    ,  0.0000    ,  0.0000    ,  0.0000    ,  0.0000    
   7,   1,   1,  0.0000    ,  0.0000    ,  4216.0    ,  0.0000    ,  0.0000    ,  60.000    ,  0.0000    ,  0.0000    ,  0.0000    ,  0.0000    ,  0.0000    ,  190.00    ,  0.0000    ,  0.0000    ,  0.0000    ,  0.0000    ,  0.0000    ,  0.0000    ,  0.0000    ,  0.0000    
   8,   1,   1,  0.0000    ,  0.0000    ,  4216.0    ,  0.0000    ,  0.0000    ,  60.000    ,  0.0000    ,  0.0000    ,  0.0000    ,  0.0000    ,  0.0000    ,  190.00    ,  0.0000    ,  0.0000    ,  0.0000    ,  0.0000    ,  0.0000    ,  0.0000    ,  0.0000    ,  0.0000    
   9,   1,   1,  0.0000    ,  0.0000    ,  4573.0    ,  0.0000    ,  0.0000    ,  60.000    ,  0.0000    ,  0.0000    ,  0.0000    ,  0.0000    ,  0.0000    ,  190.00    ,  0.0000    ,  0.0000    ,  0.0000    ,  0.0000    ,  0.0000    ,  0.0000    ,  0.0000    ,  0.0000    
  10,   1,   1,  0.0000    ,  0.0000    ,  4573.0    ,  0.0000    ,  0.0000    ,  60.000    ,  0.0000    ,  0.0000    ,  0.0000    ,  0.0000    ,  0.0000    ,  190.00    ,  0.0000    ,  0.0000    ,  0.0000    ,  0.0000    ,  0.0000    ,  0.0000    ,  0.0000    ,  0.0000    
  11,   1,   1,  0.0000    ,  0.0000    ,  4216.0    ,  0.0000    ,  0.0000    ,  60.000    ,  0.0000    ,  0.0000    ,  0.0000    ,  0.0000    ,  0.0000    ,  190.00    ,  0.0000    ,  0.0000    ,  0.0000    ,  0.0000    ,  0.0000    ,  0.0000    ,  0.0000    ,  0.0000    
  12,   1,   1,  0.0000    ,  0.0000    ,  4216.0    ,  0.0000    ,  0.0000    ,  60.000    ,  0.0000    ,  0.0000    ,  0.0000    ,  0.0000    ,  0.0000    ,  190.00    ,  0.0000    ,  0.0000    ,  0.0000    ,  0.0000    ,  0.0000    ,  0.0000    ,  0.0000    ,  0.0000    
  13,   1,   1,  0.0000    ,  0.0000    ,  4216.0    ,  0.0000    ,  0.0000    ,  60.000    ,  0.0000    ,  0.0000    ,  0.0000    ,  0.0000    ,  0.0000    ,  190.00    ,  0.0000    ,  0.0000    ,  0.0000    ,  0.0000    ,  0.0000    ,  0.0000    ,  0.0000    ,  0.0000    
  14,   1,   1,  0.0000    ,  0.0000    ,  4216.0    ,  0.0000    ,  0.0000    ,  60.000    ,  0.0000    ,  0.0000    ,  0.0000    ,  0.0000    ,  0.0000    ,  190.00    ,  0.0000    ,  0.0000    ,  0.0000    ,  0.0000    ,  0.0000    ,  0.0000    ,  0.0000    ,  0.0000    
  15,   1,   1,  0.0000    ,  0.0000    ,  4216.0    ,  0.0000    ,  0.0000    ,  60.000    ,  0.0000    ,  0.0000    ,  0.0000    ,  0.0000    ,  0.0000    ,  190.00    ,  0.0000    ,  0.0000    ,  0.0000    ,  0.0000    ,  0.0000    ,  0.0000    ,  0.0000    ,  0.0000    
  16,   1,   1,  0.0000    ,  0.0000    ,  4216.0    ,  0.0000    ,  0.0000    ,  60.000    ,  0.0000    ,  0.0000    ,  0.0000    ,  0.0000    ,  0.0000    ,  190.00    ,  0.0000    ,  0.0000    ,  0.0000    ,  0.0000    ,  0.0000    ,  0.0000    ,  0.0000    ,  0.0000    
  17,   1,   1,  0.0000    ,  0.0000    ,  4216.0    ,  0.0000    ,  0.0000    ,  60.000    ,  0.0000    ,  0.0000    ,  0.0000    ,  0.0000    ,  0.0000    ,  190.00    ,  0.0000    ,  0.0000    ,  0.0000    ,  0.0000    ,  0.0000    ,  0.0000    ,  0.0000    ,  0.0000    
  18,   1,   1,  0.0000    ,  0.0000    ,  4573.0    ,  0.0000    ,  0.0000    ,  60.000    ,  0.0000    ,  0.0000    ,  0.0000    ,  0.0000    ,  0.0000    ,  190.00    ,  0.0000    ,  0.0000    ,  0.0000    ,  0.0000    ,  0.0000    ,  0.0000    ,  0.0000    ,  0.0000    
  19,   1,   1,  0.0000    ,  0.0000    ,  4586.0    ,  0.0000    ,  0.0000    ,  60.000    ,  0.0000    ,  0.0000    ,  0.0000    ,  0.0000    ,  0.0000    ,  190.00    ,  0.0000    ,  0.0000    ,  0.0000    ,  0.0000    ,  0.0000    ,  0.0000    ,  0.0000    ,  0.0000    
  20,   1,   1,  0.0000    ,  0.0000    ,  4586.0    ,  0.0000    ,  0.0000    ,  60.000    ,  0.0000    ,  0.0000    ,  0.0000    ,  0.0000    ,  0.0000    ,  190.00    ,  0.0000    ,  0.0000    ,  0.0000    ,  0.0000    ,  0.0000    ,  0.0000    ,  0.0000    ,  0.0000    
  21,   1,   1,  0.0000    ,  0.0000    ,  4586.0    ,  0.0000    ,  0.0000    ,  60.000    ,  0.0000    ,  0.0000    ,  0.0000    ,  0.0000    ,  0.0000    ,  190.00    ,  0.0000    ,  0.0000    ,  0.0000    ,  0.0000    ,  0.0000    ,  0.0000    ,  0.0000    ,  0.0000    
  22,   1,   1,  0.0000    ,  0.0000    ,  4586.0    ,  0.0000    ,  0.0000    ,  60.000    ,  0.0000    ,  0.0000    ,  0.0000    ,  0.0000    ,  0.0000    ,  190.00    ,  0.0000    ,  0.0000    ,  0.0000    ,  0.0000    ,  0.0000    ,  0.0000    ,  0.0000    ,  0.0000    
  23,   1,   1,  0.0000    ,  0.0000    ,  3864.0    ,  0.0000    ,  0.0000    ,  60.000    ,  0.0000    ,  0.0000    ,  0.0000    ,  0.0000    ,  0.0000    ,  190.00    ,  0.0000    ,  0.0000    ,  0.0000    ,  0.0000    ,  0.0000    ,  0.0000    ,  0.0000    ,  0.0000    
  24,   1,   1,  0.0000    ,  0.0000    ,  4299.0    ,  0.0000    ,  0.0000    ,  60.000    ,  0.0000    ,  0.0000    ,  0.0000    ,  0.0000    ,  0.0000    ,  190.00    ,  0.0000    ,  0.0000    ,  0.0000    ,  0.0000    ,  0.0000    ,  0.0000    ,  0.0000    ,  0.0000    
  25,   1,   1,  0.0000    ,  0.0000    ,  4299.0    ,  0.0000    ,  0.0000    ,  60.000    ,  0.0000    ,  0.0000    ,  0.0000    ,  0.0000    ,  0.0000    ,  190.00    ,  0.0000    ,  0.0000    ,  0.0000    ,  0.0000    ,  0.0000    ,  0.0000    ,  0.0000    ,  0.0000    
  26,   1,   1,  0.0000    ,  0.0000    ,  4299.0    ,  0.0000    ,  0.0000    ,  60.000    ,  0.0000    ,  0.0000    ,  0.0000    ,  0.0000    ,  0.0000    ,  190.00    ,  0.0000    ,  0.0000    ,  0.0000    ,  0.0000    ,  0.0000    ,  0.0000    ,  0.0000    ,  0.0000    
  27,   1,   1,  0.0000    ,  0.0000    ,  3864.0    ,  0.0000    ,  0.0000    ,  60.000    ,  0.0000    ,  0.0000    ,  0.0000    ,  0.0000    ,  0.0000    ,  190.00    ,  0.0000    ,  0.0000    ,  0.0000    ,  0.0000    ,  0.0000    ,  0.0000    ,  0.0000    ,  0.0000    
  28,   1,   1,  0.0000    ,  0.0000    ,  3864.0    ,  0.0000    ,  0.0000    ,  60.000    ,  0.0000    ,  0.0000    ,  0.0000    ,  0.0000    ,  0.0000    ,  190.00    ,  0.0000    ,  0.0000    ,  0.0000    ,  0.0000    ,  0.0000    ,  0.0000    ,  0.0000    ,  0.0000    
  29,   1,   1,  0.0000    ,  0.0000    ,  3864.0    ,  0.0000    ,  0.0000    ,  60.000    ,  0.0000    ,  0.0000    ,  0.0000    ,  0.0000    ,  0.0000    ,  190.00    ,  0.0000    ,  0.0000    ,  0.0000    ,  0.0000    ,  0.0000    ,  0.0000    ,  0.0000    ,  0.0000    
  30,   1,   1,  0.0000    ,  0.0000    ,  3864.0    ,  0.0000    ,  0.0000    ,  60.000    ,  0.0000    ,  0.0000    ,  0.0000    ,  0.0000    ,  0.0000    ,  190.00    ,  0.0000    ,  0.0000    ,  0.0000    ,  0.0000    ,  0.0000    ,  0.0000    ,  0.0000    ,  0.0000    
  31,   1,   1,  0.0000    ,  0.0000    ,  4216.0    ,  0.0000    ,  0.0000    ,  60.000    ,  0.0000    ,  0.0000    ,  0.0000    ,  0.0000    ,  0.0000    ,  290.00    ,  0.0000    ,  0.0000    ,  0.0000    ,  0.0000    ,  0.0000    ,  0.0000    ,  0.0000    ,  0.0000    
  32,   1,   1,  0.0000    ,  0.0000    ,  4573.0    ,  0.0000    ,  0.0000    ,  60.000    ,  0.0000    ,  0.0000    ,  0.0000    ,  0.0000    ,  0.0000    ,  290.00    ,  0.0000    ,  0.0000    ,  0.0000    ,  0.0000    ,  0.0000    ,  0.0000    ,  0.0000    ,  0.0000    
  33,   1,   1,  0.0000    ,  0.0000    ,  4880.0    ,  0.0000    ,  0.0000    ,  60.000    ,  0.0000    ,  0.0000    ,  0.0000    ,  0.0000    ,  0.0000    ,  290.00    ,  0.0000    ,  0.0000    ,  0.0000    ,  0.0000    ,  0.0000    ,  0.0000    ,  0.0000    ,  0.0000    
  34,   1,   1,  0.0000    ,  0.0000    ,  4880.0    ,  0.0000    ,  0.0000    ,  60.000    ,  0.0000    ,  0.0000    ,  0.0000    ,  0.0000    ,  0.0000    ,  290.00    ,  0.0000    ,  0.0000    ,  0.0000    ,  0.0000    ,  0.0000    ,  0.0000    ,  0.0000    ,  0.0000    
  35,   1,   1,  0.0000    ,  0.0000    ,  4573.0    ,  0.0000    ,  0.0000    ,  60.000    ,  0.0000    ,  0.0000    ,  0.0000    ,  0.0000    ,  0.0000    ,  290.00    ,  0.0000    ,  0.0000    ,  0.0000    ,  0.0000    ,  0.0000    ,  0.0000    ,  0.0000    ,  0.0000    
  36,   1,   1,  0.0000    ,  0.0000    ,  4573.0    ,  0.0000    ,  0.0000    ,  60.000    ,  0.0000    ,  0.0000    ,  0.0000    ,  0.0000    ,  0.0000    ,  290.00    ,  0.0000    ,  0.0000    ,  0.0000    ,  0.0000    ,  0.0000    ,  0.0000    ,  0.0000    ,  0.0000    
  37,   1,   1,  0.0000    ,  0.0000    ,  4216.0    ,  0.0000    ,  0.0000    ,  60.000    ,  0.0000    ,  0.0000    ,  0.0000    ,  0.0000    ,  0.0000    ,  290.00    ,  0.0000    ,  0.0000    ,  0.0000    ,  0.0000    ,  0.0000    ,  0.0000    ,  0.0000    ,  0.0000    
  38,   1,   1,  0.0000    ,  0.0000    ,  4216.0    ,  0.0000    ,  0.0000    ,  60.000    ,  0.0000    ,  0.0000    ,  0.0000    ,  0.0000    ,  0.0000    ,  290.00    ,  0.0000    ,  0.0000    ,  0.0000    ,  0.0000    ,  0.0000    ,  0.0000    ,  0.0000    ,  0.0000    
  39,   1,   1,  0.0000    ,  0.0000    ,  4216.0    ,  0.0000    ,  0.0000    ,  60.000    ,  0.0000    ,  0.0000    ,  0.0000    ,  0.0000    ,  0.0000    ,  290.00    ,  0.0000    ,  0.0000    ,  0.0000    ,  0.0000    ,  0.0000    ,  0.0000    ,  0.0000    ,  0.0000    
  40,   1,   1,  0.0000    ,  0.0000    ,  4573.0    ,  0.0000    ,  0.0000    ,  60.000    ,  0.0000    ,  0.0000    ,  0.0000    ,  0.0000    ,  0.0000    ,  290.00    ,  0.0000    ,  0.0000    ,  0.0000    ,  0.0000    ,  0.0000    ,  0.0000    ,  0.0000    ,  0.0000    
  41,   1,   1,  0.0000    ,  0.0000    ,  4573.0    ,  0.0000    ,  0.0000    ,  60.000    ,  0.0000    ,  0.0000    ,  0.0000    ,  0.0000    ,  0.0000    ,  290.00    ,  0.0000    ,  0.0000    ,  0.0000    ,  0.0000    ,  0.0000    ,  0.0000    ,  0.0000    ,  0.0000    
  42,   1,   1,  0.0000    ,  0.0000    ,  4880.0    ,  0.0000    ,  0.0000    ,  60.000    ,  0.0000    ,  0.0000    ,  0.0000    ,  0.0000    ,  0.0000    ,  290.00    ,  0.0000    ,  0.0000    ,  0.0000    ,  0.0000    ,  0.0000    ,  0.0000    ,  0.0000    ,  0.0000    
  43,   1,   1,  0.0000    ,  0.0000    ,  5312.0    ,  0.0000    ,  0.0000    ,  60.000    ,  0.0000    ,  0.0000    ,  0.0000    ,  0.0000    ,  0.0000    ,  290.00    ,  0.0000    ,  0.0000    ,  0.0000    ,  0.0000    ,  0.0000    ,  0.0000    ,  0.0000    ,  0.0000    
  44,   1,   1,  0.0000    ,  0.0000    ,  5312.0    ,  0.0000    ,  0.0000    ,  60.000    ,  0.0000    ,  0.0000    ,  0.0000    ,  0.0000    ,  0.0000    ,  290.00    ,  0.0000    ,  0.0000    ,  0.0000    ,  0.0000    ,  0.0000    ,  0.0000    ,  0.0000    ,  0.0000    
  45,   1,   1,  0.0000    ,  0.0000    ,  5693.0    ,  0.0000    ,  0.0000    ,  60.000    ,  0.0000    ,  0.0000    ,  0.0000    ,  0.0000    ,  0.0000    ,  290.00    ,  0.0000    ,  0.0000    ,  0.0000    ,  0.0000    ,  0.0000    ,  0.0000    ,  0.0000    ,  0.0000    
  46,   1,   1,  0.0000    ,  0.0000    ,  5693.0    ,  0.0000    ,  0.0000    ,  60.000    ,  0.0000    ,  0.0000    ,  0.0000    ,  0.0000    ,  0.0000    ,  290.00    ,  0.0000    ,  0.0000    ,  0.0000    ,  0.0000    ,  0.0000    ,  0.0000    ,  0.0000    ,  0.0000    
  47,   1,   1,  0.0000    ,  0.0000    ,  5446.0    ,  0.0000    ,  0.0000    ,  60.000    ,  0.0000    ,  0.0000    ,  0.0000    ,  0.0000    ,  0.0000    ,  190.00    ,  0.0000    ,  0.0000    ,  0.0000    ,  0.0000    ,  0.0000    ,  0.0000    ,  0.0000    ,  0.0000    
  48,   1,   1,  0.0000    ,  0.0000    ,  5446.0    ,  0.0000    ,  0.0000    ,  60.000    ,  0.0000    ,  0.0000    ,  0.0000    ,  0.0000    ,  0.0000    ,  190.00    ,  0.0000    ,  0.0000    ,  0.0000    ,  0.0000    ,  0.0000    ,  0.0000    ,  0.0000    ,  0.0000    
  49,   1,   1,  0.0000    ,  0.0000    ,  5446.0    ,  0.0000    ,  0.0000    ,  60.000    ,  0.0000    ,  0.0000    ,  0.0000    ,  0.0000    ,  0.0000    ,  190.00    ,  0.0000    ,  0.0000    ,  0.0000    ,  0.0000    ,  0.0000    ,  0.0000    ,  0.0000    ,  0.0000    
  50,   1,   1,  0.0000    ,  0.0000    ,  5083.0    ,  0.0000    ,  0.0000    ,  60.000    ,  0.0000    ,  0.0000    ,  0.0000    ,  0.0000    ,  0.0000    ,  190.00    ,  0.0000    ,  0.0000    ,  0.0000    ,  0.0000    ,  0.0000    ,  0.0000    ,  0.0000    ,  0.0000    
  51,   1,   1,  0.0000    ,  0.0000    ,  5083.0    ,  0.0000    ,  0.0000    ,  60.000    ,  0.0000    ,  0.0000    ,  0.0000    ,  0.0000    ,  0.0000    ,  190.00    ,  0.0000    ,  0.0000    ,  0.0000    ,  0.0000    ,  0.0000    ,  0.0000    ,  0.0000    ,  0.0000    
  52,   1,   1,  0.0000    ,  0.0000    ,  4734.0    ,  0.0000    ,  0.0000    ,  60.000    ,  0.0000    ,  0.0000    ,  0.0000    ,  0.0000    ,  0.0000    ,  190.00    ,  0.0000    ,  0.0000    ,  0.0000    ,  0.0000    ,  0.0000    ,  0.0000    ,  0.0000    ,  0.0000    
  53,   1,   1,  0.0000    ,  0.0000    ,  4734.0    ,  0.0000    ,  0.0000    ,  60.000    ,  0.0000    ,  0.0000    ,  0.0000    ,  0.0000    ,  0.0000    ,  190.00    ,  0.0000    ,  0.0000    ,  0.0000    ,  0.0000    ,  0.0000    ,  0.0000    ,  0.0000    ,  0.0000    
  54,   1,   1,  0.0000    ,  0.0000    ,  4734.0    ,  0.0000    ,  0.0000    ,  60.000    ,  0.0000    ,  0.0000    ,  0.0000    ,  0.0000    ,  0.0000    ,  190.00    ,  0.0000    ,  0.0000    ,  0.0000    ,  0.0000    ,  0.0000    ,  0.0000    ,  0.0000    ,  0.0000    
  55,   1,   1,  0.0000    ,  0.0000    ,  5291.0    ,  0.0000    ,  0.0000    ,  60.000    ,  0.0000    ,  0.0000    ,  0.0000    ,  0.0000    ,  0.0000    ,  290.00    ,  0.0000    ,  0.0000    ,  0.0000    ,  0.0000    ,  0.0000    ,  0.0000    ,  0.0000    ,  0.0000    
  56,   1,   1,  0.0000    ,  0.0000    ,  5291.0    ,  0.0000    ,  0.0000    ,  60.000    ,  0.0000    ,  0.0000    ,  0.0000    ,  0.0000    ,  0.0000    ,  290.00    ,  0.0000    ,  0.0000    ,  0.0000    ,  0.0000    ,  0.0000    ,  0.0000    ,  0.0000    ,  0.0000    
  57,   1,   1,  0.0000    ,  0.0000    ,  5291.0    ,  0.0000    ,  0.0000    ,  60.000    ,  0.0000    ,  0.0000    ,  0.0000    ,  0.0000    ,  0.0000    ,  290.00    ,  0.0000    ,  0.0000    ,  0.0000    ,  0.0000    ,  0.0000    ,  0.0000    ,  0.0000    ,  0.0000    
  58,   1,   1,  0.0000    ,  0.0000    ,  5291.0    ,  0.0000    ,  0.0000    ,  60.000    ,  0.0000    ,  0.0000    ,  0.0000    ,  0.0000    ,  0.0000    ,  290.00    ,  0.0000    ,  0.0000    ,  0.0000    ,  0.0000    ,  0.0000    ,  0.0000    ,  0.0000    ,  0.0000    
  59,   1,   1,  0.0000    ,  0.0000    ,  5291.0    ,  0.0000    ,  0.0000    ,  60.000    ,  0.0000    ,  0.0000    ,  0.0000    ,  0.0000    ,  0.0000    ,  290.00    ,  0.0000    ,  0.0000    ,  0.0000    ,  0.0000    ,  0.0000    ,  0.0000    ,  0.0000    ,  0.0000    
  60,   1,   1,  0.0000    ,  0.0000    ,  5291.0    ,  0.0000    ,  0.0000    ,  60.000    ,  0.0000    ,  0.0000    ,  0.0000    ,  0.0000    ,  0.0000    ,  290.00    ,  0.0000    ,  0.0000    ,  0.0000    ,  0.0000    ,  0.0000    ,  0.0000    ,  0.0000    ,  0.0000    
  61,   1,   1,  0.0000    ,  0.0000    ,  4704.0    ,  0.0000    ,  0.0000    ,  60.000    ,  0.0000    ,  0.0000    ,  0.0000    ,  0.0000    ,  0.0000    ,  290.00    ,  0.0000    ,  0.0000    ,  0.0000    ,  0.0000    ,  0.0000    ,  0.0000    ,  0.0000    ,  0.0000    
  62,   1,   1,  0.0000    ,  0.0000    ,  4704.0    ,  0.0000    ,  0.0000    ,  60.000    ,  0.0000    ,  0.0000    ,  0.0000    ,  0.0000    ,  0.0000    ,  290.00    ,  0.0000    ,  0.0000    ,  0.0000    ,  0.0000    ,  0.0000    ,  0.0000    ,  0.0000    ,  0.0000    
  63,   1,   1,  0.0000    ,  0.0000    ,  4704.0    ,  0.0000    ,  0.0000    ,  60.000    ,  0.0000    ,  0.0000    ,  0.0000    ,  0.0000    ,  0.0000    ,  290.00    ,  0.0000    ,  0.0000    ,  0.0000    ,  0.0000    ,  0.0000    ,  0.0000    ,  0.0000    ,  0.0000    
  64,   1,   1,  0.0000    ,  0.0000    ,  4704.0    ,  0.0000    ,  0.0000    ,  60.000    ,  0.0000    ,  0.0000    ,  0.0000    ,  0.0000    ,  0.0000    ,  290.00    ,  0.0000    ,  0.0000    ,  0.0000    ,  0.0000    ,  0.0000    ,  0.0000    ,  0.0000    ,  0.0000    
  65,   1,   1,  0.0000    ,  0.0000    ,  4704.0    ,  0.0000    ,  0.0000    ,  60.000    ,  0.0000    ,  0.0000    ,  0.0000    ,  0.0000    ,  0.0000    ,  290.00    ,  0.0000    ,  0.0000    ,  0.0000    ,  0.0000    ,  0.0000    ,  0.0000    ,  0.0000    ,  0.0000    
  66,   1,   1,  0.0000    ,  0.0000    ,  4704.0    ,  0.0000    ,  0.0000    ,  60.000    ,  0.0000    ,  0.0000    ,  0.0000    ,  0.0000    ,  0.0000    ,  290.00    ,  0.0000    ,  0.0000    ,  0.0000    ,  0.0000    ,  0.0000    ,  0.0000    ,  0.0000    ,  0.0000    
  67,   1,   1,  0.0000    ,  0.0000    ,  5222.0    ,  0.0000    ,  0.0000    ,  60.000    ,  0.0000    ,  0.0000    ,  0.0000    ,  0.0000    ,  0.0000    ,  290.00    ,  0.0000    ,  0.0000    ,  0.0000    ,  0.0000    ,  0.0000    ,  0.0000    ,  0.0000    ,  0.0000    
  68,   1,   1,  0.0000    ,  0.0000    ,  5222.0    ,  0.0000    ,  0.0000    ,  60.000    ,  0.0000    ,  0.0000    ,  0.0000    ,  0.0000    ,  0.0000    ,  290.00    ,  0.0000    ,  0.0000    ,  0.0000    ,  0.0000    ,  0.0000    ,  0.0000    ,  0.0000    ,  0.0000    
  69,   1,   1,  0.0000    ,  0.0000    ,  5222.0    ,  0.0000    ,  0.0000    ,  60.000    ,  0.0000    ,  0.0000    ,  0.0000    ,  0.0000    ,  0.0000    ,  290.00    ,  0.0000    ,  0.0000    ,  0.0000    ,  0.0000    ,  0.0000    ,  0.0000    ,  0.0000    ,  0.0000    
  70,   1,   1,  0.0000    ,  0.0000    ,  5222.0    ,  0.0000    ,  0.0000    ,  60.000    ,  0.0000    ,  0.0000    ,  0.0000    ,  0.0000    ,  0.0000    ,  290.00    ,  0.0000    ,  0.0000    ,  0.0000    ,  0.0000    ,  0.0000    ,  0.0000    ,  0.0000    ,  0.0000    
  71,   1,   1,  0.0000    ,  0.0000    ,  5083.0    ,  0.0000    ,  0.0000    ,  60.000    ,  0.0000    ,  0.0000    ,  0.0000    ,  0.0000    ,  0.0000    ,  190.00    ,  0.0000    ,  0.0000    ,  0.0000    ,  0.0000    ,  0.0000    ,  0.0000    ,  0.0000    ,  0.0000    
  72,   1,   1,  0.0000    ,  0.0000    ,  5083.0    ,  0.0000    ,  0.0000    ,  60.000    ,  0.0000    ,  0.0000    ,  0.0000    ,  0.0000    ,  0.0000    ,  190.00    ,  0.0000    ,  0.0000    ,  0.0000    ,  0.0000    ,  0.0000    ,  0.0000    ,  0.0000    ,  0.0000    
  73,   1,   1,  0.0000    ,  0.0000    ,  4734.0    ,  0.0000    ,  0.0000    ,  60.000    ,  0.0000    ,  0.0000    ,  0.0000    ,  0.0000    ,  0.0000    ,  190.00    ,  0.0000    ,  0.0000    ,  0.0000    ,  0.0000    ,  0.0000    ,  0.0000    ,  0.0000    ,  0.0000    
  74,   1,   1,  0.0000    ,  0.0000    ,  4299.0    ,  0.0000    ,  0.0000    ,  60.000    ,  0.0000    ,  0.0000    ,  0.0000    ,  0.0000    ,  0.0000    ,  190.00    ,  0.0000    ,  0.0000    ,  0.0000    ,  0.0000    ,  0.0000    ,  0.0000    ,  0.0000    ,  0.0000    
  75,   1,   1,  0.0000    ,  0.0000    ,  4299.0    ,  0.0000    ,  0.0000    ,  60.000    ,  0.0000    ,  0.0000    ,  0.0000    ,  0.0000    ,  0.0000    ,  190.00    ,  0.0000    ,  0.0000    ,  0.0000    ,  0.0000    ,  0.0000    ,  0.0000    ,  0.0000    ,  0.0000    
  76,   1,   1,  0.0000    ,  0.0000    ,  4299.0    ,  0.0000    ,  0.0000    ,  60.000    ,  0.0000    ,  0.0000    ,  0.0000    ,  0.0000    ,  0.0000    ,  190.00    ,  0.0000    ,  0.0000    ,  0.0000    ,  0.0000    ,  0.0000    ,  0.0000    ,  0.0000    ,  0.0000    
  77,   1,   1,  0.0000    ,  0.0000    ,  3864.0    ,  0.0000    ,  0.0000    ,  60.000    ,  0.0000    ,  0.0000    ,  0.0000    ,  0.0000    ,  0.0000    ,  190.00    ,  0.0000    ,  0.0000    ,  0.0000    ,  0.0000    ,  0.0000    ,  0.0000    ,  0.0000    ,  0.0000    
  78,   1,   1,  0.0000    ,  0.0000    ,  3864.0    ,  0.0000    ,  0.0000    ,  60.000    ,  0.0000    ,  0.0000    ,  0.0000    ,  0.0000    ,  0.0000    ,  190.00    ,  0.0000    ,  0.0000    ,  0.0000    ,  0.0000    ,  0.0000    ,  0.0000    ,  0.0000    ,  0.0000    
  79,   1,   1,  0.0000    ,  0.0000    ,  4362.0    ,  0.0000    ,  0.0000    ,  60.000    ,  0.0000    ,  0.0000    ,  0.0000    ,  0.0000    ,  0.0000    ,  290.00    ,  0.0000    ,  0.0000    ,  0.0000    ,  0.0000    ,  0.0000    ,  0.0000    ,  0.0000    ,  0.0000    
  80,   1,   1,  0.0000    ,  0.0000    ,  4362.0    ,  0.0000    ,  0.0000    ,  60.000    ,  0.0000    ,  0.0000    ,  0.0000    ,  0.0000    ,  0.0000    ,  290.00    ,  0.0000    ,  0.0000    ,  0.0000    ,  0.0000    ,  0.0000    ,  0.0000    ,  0.0000    ,  0.0000    
  81,   1,   1,  0.0000    ,  0.0000    ,  5005.0    ,  0.0000    ,  0.0000    ,  60.000    ,  0.0000    ,  0.0000    ,  0.0000    ,  0.0000    ,  0.0000    ,  290.00    ,  0.0000    ,  0.0000    ,  0.0000    ,  0.0000    ,  0.0000    ,  0.0000    ,  0.0000    ,  0.0000    
  82,   1,   1,  0.0000    ,  0.0000    ,  4362.0    ,  0.0000    ,  0.0000    ,  60.000    ,  0.0000    ,  0.0000    ,  0.0000    ,  0.0000    ,  0.0000    ,  290.00    ,  0.0000    ,  0.0000    ,  0.0000    ,  0.0000    ,  0.0000    ,  0.0000    ,  0.0000    ,  0.0000    
  83,   1,   1,  0.0000    ,  0.0000    ,  4362.0    ,  0.0000    ,  0.0000    ,  60.000    ,  0.0000    ,  0.0000    ,  0.0000    ,  0.0000    ,  0.0000    ,  290.00    ,  0.0000    ,  0.0000    ,  0.0000    ,  0.0000    ,  0.0000    ,  0.0000    ,  0.0000    ,  0.0000    
  84,   1,   1,  0.0000    ,  0.0000    ,  5005.0    ,  0.0000    ,  0.0000    ,  60.000    ,  0.0000    ,  0.0000    ,  0.0000    ,  0.0000    ,  0.0000    ,  290.00    ,  0.0000    ,  0.0000    ,  0.0000    ,  0.0000    ,  0.0000    ,  0.0000    ,  0.0000    ,  0.0000    
  85,   1,   1,  0.0000    ,  0.0000    ,  5005.0    ,  0.0000    ,  0.0000    ,  60.000    ,  0.0000    ,  0.0000    ,  0.0000    ,  0.0000    ,  0.0000    ,  290.00    ,  0.0000    ,  0.0000    ,  0.0000    ,  0.0000    ,  0.0000    ,  0.0000    ,  0.0000    ,  0.0000    
  86,   1,   1,  0.0000    ,  0.0000    ,  5005.0    ,  0.0000    ,  0.0000    ,  60.000    ,  0.0000    ,  0.0000    ,  0.0000    ,  0.0000    ,  0.0000    ,  290.00    ,  0.0000    ,  0.0000    ,  0.0000    ,  0.0000    ,  0.0000    ,  0.0000    ,  0.0000    ,  0.0000    
  87,   1,   1,  0.0000    ,  0.0000    ,  4362.0    ,  0.0000    ,  0.0000    ,  60.000    ,  0.0000    ,  0.0000    ,  0.0000    ,  0.0000    ,  0.0000    ,  290.00    ,  0.0000    ,  0.0000    ,  0.0000    ,  0.0000    ,  0.0000    ,  0.0000    ,  0.0000    ,  0.0000    
  88,   1,   1,  0.0000    ,  0.0000    ,  5005.0    ,  0.0000    ,  0.0000    ,  60.000    ,  0.0000    ,  0.0000    ,  0.0000    ,  0.0000    ,  0.0000    ,  290.00    ,  0.0000    ,  0.0000    ,  0.0000    ,  0.0000    ,  0.0000    ,  0.0000    ,  0.0000    ,  0.0000    
  89,   1,   1,  0.0000    ,  0.0000    ,  5005.0    ,  0.0000    ,  0.0000    ,  60.000    ,  0.0000    ,  0.0000    ,  0.0000    ,  0.0000    ,  0.0000    ,  290.00    ,  0.0000    ,  0.0000    ,  0.0000    ,  0.0000    ,  0.0000    ,  0.0000    ,  0.0000    ,  0.0000    
  90,   1,   1,  0.0000    ,  0.0000    ,  5005.0    ,  0.0000    ,  0.0000    ,  60.000    ,  0.0000    ,  0.0000    ,  0.0000    ,  0.0000    ,  0.0000    ,  290.00    ,  0.0000    ,  0.0000    ,  0.0000    ,  0.0000    ,  0.0000    ,  0.0000    ,  0.0000    ,  0.0000    
  91,   1,   1,  0.0000    ,  0.0000    ,  4640.0    ,  0.0000    ,  0.0000    ,  60.000    ,  0.0000    ,  0.0000    ,  0.0000    ,  0.0000    ,  0.0000    ,  290.00    ,  0.0000    ,  0.0000    ,  0.0000    ,  0.0000    ,  0.0000    ,  0.0000    ,  0.0000    ,  0.0000    
  92,   1,   1,  0.0000    ,  0.0000    ,  4640.0    ,  0.0000    ,  0.0000    ,  60.000    ,  0.0000    ,  0.0000    ,  0.0000    ,  0.0000    ,  0.0000    ,  290.00    ,  0.0000    ,  0.0000    ,  0.0000    ,  0.0000    ,  0.0000    ,  0.0000    ,  0.0000    ,  0.0000    
  93,   1,   1,  0.0000    ,  0.0000    ,  4640.0    ,  0.0000    ,  0.0000    ,  60.000    ,  0.0000    ,  0.0000    ,  0.0000    ,  0.0000    ,  0.0000    ,  290.00    ,  0.0000    ,  0.0000    ,  0.0000    ,  0.0000    ,  0.0000    ,  0.0000    ,  0.0000    ,  0.0000    
  94,   1,   1,  0.0000    ,  0.0000    ,  4640.0    ,  0.0000    ,  0.0000    ,  60.000    ,  0.0000    ,  0.0000    ,  0.0000    ,  0.0000    ,  0.0000    ,  290.00    ,  0.0000    ,  0.0000    ,  0.0000    ,  0.0000    ,  0.0000    ,  0.0000    ,  0.0000    ,  0.0000    
  95,   1,   1,  0.0000    ,  0.0000    ,  4734.0    ,  0.0000    ,  0.0000    ,  60.000    ,  0.0000    ,  0.0000    ,  0.0000    ,  0.0000    ,  0.0000    ,  190.00    ,  0.0000    ,  0.0000    ,  0.0000    ,  0.0000    ,  0.0000    ,  0.0000    ,  0.0000    ,  0.0000    
  96,   1,   1,  0.0000    ,  0.0000    ,  4734.0    ,  0.0000    ,  0.0000    ,  60.000    ,  0.0000    ,  0.0000    ,  0.0000    ,  0.0000    ,  0.0000    ,  190.00    ,  0.0000    ,  0.0000    ,  0.0000    ,  0.0000    ,  0.0000    ,  0.0000    ,  0.0000    ,  0.0000    
  97,   1,   1,  0.0000    ,  0.0000    ,  4734.0    ,  0.0000    ,  0.0000    ,  60.000    ,  0.0000    ,  0.0000    ,  0.0000    ,  0.0000    ,  0.0000    ,  190.00    ,  0.0000    ,  0.0000    ,  0.0000    ,  0.0000    ,  0.0000    ,  0.0000    ,  0.0000    ,  0.0000    
  98,   1,   1,  0.0000    ,  0.0000    ,  4299.0    ,  0.0000    ,  0.0000    ,  60.000    ,  0.0000    ,  0.0000    ,  0.0000    ,  0.0000    ,  0.0000    ,  190.00    ,  0.0000    ,  0.0000    ,  0.0000    ,  0.0000    ,  0.0000    ,  0.0000    ,  0.0000    ,  0.0000    
  99,   1,   1,  0.0000    ,  0.0000    ,  4299.0    ,  0.0000    ,  0.0000    ,  60.000    ,  0.0000    ,  0.0000    ,  0.0000    ,  0.0000    ,  0.0000    ,  190.00    ,  0.0000    ,  0.0000    ,  0.0000    ,  0.0000    ,  0.0000    ,  0.0000    ,  0.0000    ,  0.0000    
 100,   1,   1,  0.0000    ,  0.0000    ,  3864.0    ,  0.0000    ,  0.0000    ,  60.000    ,  0.0000    ,  0.0000    ,  0.0000    ,  0.0000    ,  0.0000    ,  190.00    ,  0.0000    ,  0.0000    ,  0.0000    ,  0.0000    ,  0.0000    ,  0.0000    ,  0.0000    ,  0.0000    
 101,   1,   1,  0.0000    ,  0.0000    ,  3864.0    ,  0.0000    ,  0.0000    ,  60.000    ,  0.0000    ,  0.0000    ,  0.0000    ,  0.0000    ,  0.0000    ,  190.00    ,  0.0000    ,  0.0000    ,  0.0000    ,  0.0000    ,  0.0000    ,  0.0000    ,  0.0000    ,  0.0000    
 102,   1,   1,  0.0000    ,  0.0000    ,  3864.0    ,  0.0000    ,  0.0000    ,  60.000    ,  0.0000    ,  0.0000    ,  0.0000    ,  0.0000    ,  0.0000    ,  190.00    ,  0.0000    ,  0.0000    ,  0.0000    ,  0.0000    ,  0.0000    ,  0.0000    ,  0.0000    ,  0.0000    
 103,   1,   1,  0.0000    ,  0.0000    ,  4216.0    ,  0.0000    ,  0.0000    ,  60.000    ,  0.0000    ,  0.0000    ,  0.0000    ,  0.0000    ,  0.0000    ,  290.00    ,  0.0000    ,  0.0000    ,  0.0000    ,  0.0000    ,  0.0000    ,  0.0000    ,  0.0000    ,  0.0000    
 104,   1,   1,  0.0000    ,  0.0000    ,  4216.0    ,  0.0000    ,  0.0000    ,  60.000    ,  0.0000    ,  0.0000    ,  0.0000    ,  0.0000    ,  0.0000    ,  290.00    ,  0.0000    ,  0.0000    ,  0.0000    ,  0.0000    ,  0.0000    ,  0.0000    ,  0.0000    ,  0.0000    
 105,   1,   1,  0.0000    ,  0.0000    ,  4216.0    ,  0.0000    ,  0.0000    ,  60.000    ,  0.0000    ,  0.0000    ,  0.0000    ,  0.0000    ,  0.0000    ,  290.00    ,  0.0000    ,  0.0000    ,  0.0000    ,  0.0000    ,  0.0000    ,  0.0000    ,  0.0000    ,  0.0000    
 106,   1,   1,  0.0000    ,  0.0000    ,  4216.0    ,  0.0000    ,  0.0000    ,  60.000    ,  0.0000    ,  0.0000    ,  0.0000    ,  0.0000    ,  0.0000    ,  290.00    ,  0.0000    ,  0.0000    ,  0.0000    ,  0.0000    ,  0.0000    ,  0.0000    ,  0.0000    ,  0.0000    
 107,   1,   1,  0.0000    ,  0.0000    ,  4573.0    ,  0.0000    ,  0.0000    ,  60.000    ,  0.0000    ,  0.0000    ,  0.0000    ,  0.0000    ,  0.0000    ,  290.00    ,  0.0000    ,  0.0000    ,  0.0000    ,  0.0000    ,  0.0000    ,  0.0000    ,  0.0000    ,  0.0000    
 108,   1,   1,  0.0000    ,  0.0000    ,  4573.0    ,  0.0000    ,  0.0000    ,  60.000    ,  0.0000    ,  0.0000    ,  0.0000    ,  0.0000    ,  0.0000    ,  290.00    ,  0.0000    ,  0.0000    ,  0.0000    ,  0.0000    ,  0.0000    ,  0.0000    ,  0.0000    ,  0.0000    
 109,   1,   1,  0.0000    ,  0.0000    ,  4573.0    ,  0.0000    ,  0.0000    ,  60.000    ,  0.0000    ,  0.0000    ,  0.0000    ,  0.0000    ,  0.0000    ,  290.00    ,  0.0000    ,  0.0000    ,  0.0000    ,  0.0000    ,  0.0000    ,  0.0000    ,  0.0000    ,  0.0000    
 110,   1,   1,  0.0000    ,  0.0000    ,  4573.0    ,  0.0000    ,  0.0000    ,  60.000    ,  0.0000    ,  0.0000    ,  0.0000    ,  0.0000    ,  0.0000    ,  290.00    ,  0.0000    ,  0.0000    ,  0.0000    ,  0.0000    ,  0.0000    ,  0.0000    ,  0.0000    ,  0.0000    
 111,   1,   1,  0.0000    ,  0.0000    ,  4573.0    ,  0.0000    ,  0.0000    ,  60.000    ,  0.0000    ,  0.0000    ,  0.0000    ,  0.0000    ,  0.0000    ,  290.00    ,  0.0000    ,  0.0000    ,  0.0000    ,  0.0000    ,  0.0000    ,  0.0000    ,  0.0000    ,  0.0000    
 112,   1,   1,  0.0000    ,  0.0000    ,  4573.0    ,  0.0000    ,  0.0000    ,  60.000    ,  0.0000    ,  0.0000    ,  0.0000    ,  0.0000    ,  0.0000    ,  290.00    ,  0.0000    ,  0.0000    ,  0.0000    ,  0.0000    ,  0.0000    ,  0.0000    ,  0.0000    ,  0.0000    
 113,   1,   1,  0.0000    ,  0.0000    ,  4573.0    ,  0.0000    ,  0.0000    ,  60.000    ,  0.0000    ,  0.0000    ,  0.0000    ,  0.0000    ,  0.0000    ,  290.00    ,  0.0000    ,  0.0000    ,  0.0000    ,  0.0000    ,  0.0000    ,  0.0000    ,  0.0000    ,  0.0000    
 114,   1,   1,  0.0000    ,  0.0000    ,  4573.0    ,  0.0000    ,  0.0000    ,  60.000    ,  0.0000    ,  0.0000    ,  0.0000    ,  0.0000    ,  0.0000    ,  290.00    ,  0.0000    ,  0.0000    ,  0.0000    ,  0.0000    ,  0.0000    ,  0.0000    ,  0.0000    ,  0.0000    
 115,   1,   1,  0.0000    ,  0.0000    ,  4586.0    ,  0.0000    ,  0.0000    ,  60.000    ,  0.0000    ,  0.0000    ,  0.0000    ,  0.0000    ,  0.0000    ,  290.00    ,  0.0000    ,  0.0000    ,  0.0000    ,  0.0000    ,  0.0000    ,  0.0000    ,  0.0000    ,  0.0000    
 116,   1,   1,  0.0000    ,  0.0000    ,  4586.0    ,  0.0000    ,  0.0000    ,  60.000    ,  0.0000    ,  0.0000    ,  0.0000    ,  0.0000    ,  0.0000    ,  290.00    ,  0.0000    ,  0.0000    ,  0.0000    ,  0.0000    ,  0.0000    ,  0.0000    ,  0.0000    ,  0.0000    
 117,   1,   1,  0.0000    ,  0.0000    ,  4586.0    ,  0.0000    ,  0.0000    ,  60.000    ,  0.0000    ,  0.0000    ,  0.0000    ,  0.0000    ,  0.0000    ,  290.00    ,  0.0000    ,  0.0000    ,  0.0000    ,  0.0000    ,  0.0000    ,  0.0000    ,  0.0000    ,  0.0000    
 118,   1,   1,  0.0000    ,  0.0000    ,  4586.0    ,  0.0000    ,  0.0000    ,  60.000    ,  0.0000    ,  0.0000    ,  0.0000    ,  0.0000    ,  0.0000    ,  290.00    ,  0.0000    ,  0.0000    ,  0.0000    ,  0.0000    ,  0.0000    ,  0.0000    ,  0.0000    ,  0.0000    
 119,   1,   1,  0.0000    ,  0.0000    ,  4299.0    ,  0.0000    ,  0.0000    ,  60.000    ,  0.0000    ,  0.0000    ,  0.0000    ,  0.0000    ,  0.0000    ,  190.00    ,  0.0000    ,  0.0000    ,  0.0000    ,  0.0000    ,  0.0000    ,  0.0000    ,  0.0000    ,  0.0000    
 120,   1,   1,  0.0000    ,  0.0000    ,  4299.0    ,  0.0000    ,  0.0000    ,  60.000    ,  0.0000    ,  0.0000    ,  0.0000    ,  0.0000    ,  0.0000    ,  190.00    ,  0.0000    ,  0.0000    ,  0.0000    ,  0.0000    ,  0.0000    ,  0.0000    ,  0.0000    ,  0.0000    
 121,   1,   1,  0.0000    ,  0.0000    ,  5083.0    ,  0.0000    ,  0.0000    ,  60.000    ,  0.0000    ,  0.0000    ,  0.0000    ,  0.0000    ,  0.0000    ,  190.00    ,  0.0000    ,  0.0000    ,  0.0000    ,  0.0000    ,  0.0000    ,  0.0000    ,  0.0000    ,  0.0000    
 122,   1,   1,  0.0000    ,  0.0000    ,  5083.0    ,  0.0000    ,  0.0000    ,  60.000    ,  0.0000    ,  0.0000    ,  0.0000    ,  0.0000    ,  0.0000    ,  190.00    ,  0.0000    ,  0.0000    ,  0.0000    ,  0.0000    ,  0.0000    ,  0.0000    ,  0.0000    ,  0.0000    
 123,   1,   1,  0.0000    ,  0.0000    ,  4734.0    ,  0.0000    ,  0.0000    ,  60.000    ,  0.0000    ,  0.0000    ,  0.0000    ,  0.0000    ,  0.0000    ,  190.00    ,  0.0000    ,  0.0000    ,  0.0000    ,  0.0000    ,  0.0000    ,  0.0000    ,  0.0000    ,  0.0000    
 124,   1,   1,  0.0000    ,  0.0000    ,  4299.0    ,  0.0000    ,  0.0000    ,  60.000    ,  0.0000    ,  0.0000    ,  0.0000    ,  0.0000    ,  0.0000    ,  190.00    ,  0.0000    ,  0.0000    ,  0.0000    ,  0.0000    ,  0.0000    ,  0.0000    ,  0.0000    ,  0.0000    
 125,   1,   1,  0.0000    ,  0.0000    ,  4299.0    ,  0.0000    ,  0.0000    ,  60.000    ,  0.0000    ,  0.0000    ,  0.0000    ,  0.0000    ,  0.0000    ,  190.00    ,  0.0000    ,  0.0000    ,  0.0000    ,  0.0000    ,  0.0000    ,  0.0000    ,  0.0000    ,  0.0000    
 126,   1,   1,  0.0000    ,  0.0000    ,  3864.0    ,  0.0000    ,  0.0000    ,  60.000    ,  0.0000    ,  0.0000    ,  0.0000    ,  0.0000    ,  0.0000    ,  190.00    ,  0.0000    ,  0.0000    ,  0.0000    ,  0.0000    ,  0.0000    ,  0.0000    ,  0.0000    ,  0.0000    
 127,   1,   1,  0.0000    ,  0.0000    ,  4573.0    ,  0.0000    ,  0.0000    ,  60.000    ,  0.0000    ,  0.0000    ,  0.0000    ,  0.0000    ,  0.0000    ,  290.00    ,  0.0000    ,  0.0000    ,  0.0000    ,  0.0000    ,  0.0000    ,  0.0000    ,  0.0000    ,  0.0000    
 128,   1,   1,  0.0000    ,  0.0000    ,  4880.0    ,  0.0000    ,  0.0000    ,  60.000    ,  0.0000    ,  0.0000    ,  0.0000    ,  0.0000    ,  0.0000    ,  290.00    ,  0.0000    ,  0.0000    ,  0.0000    ,  0.0000    ,  0.0000    ,  0.0000    ,  0.0000    ,  0.0000    
 129,   1,   1,  0.0000    ,  0.0000    ,  5339.0    ,  0.0000    ,  0.0000    ,  60.000    ,  0.0000    ,  0.0000    ,  0.0000    ,  0.0000    ,  0.0000    ,  290.00    ,  0.0000    ,  0.0000    ,  0.0000    ,  0.0000    ,  0.0000    ,  0.0000    ,  0.0000    ,  0.0000    
 130,   1,   1,  0.0000    ,  0.0000    ,  5339.0    ,  0.0000    ,  0.0000    ,  60.000    ,  0.0000    ,  0.0000    ,  0.0000    ,  0.0000    ,  0.0000    ,  290.00    ,  0.0000    ,  0.0000    ,  0.0000    ,  0.0000    ,  0.0000    ,  0.0000    ,  0.0000    ,  0.0000    
 131,   1,   1,  0.0000    ,  0.0000    ,  5339.0    ,  0.0000    ,  0.0000    ,  60.000    ,  0.0000    ,  0.0000    ,  0.0000    ,  0.0000    ,  0.0000    ,  290.00    ,  0.0000    ,  0.0000    ,  0.0000    ,  0.0000    ,  0.0000    ,  0.0000    ,  0.0000    ,  0.0000    
 132,   1,   1,  0.0000    ,  0.0000    ,  5339.0    ,  0.0000    ,  0.0000    ,  60.000    ,  0.0000    ,  0.0000    ,  0.0000    ,  0.0000    ,  0.0000    ,  290.00    ,  0.0000    ,  0.0000    ,  0.0000    ,  0.0000    ,  0.0000    ,  0.0000    ,  0.0000    ,  0.0000    
 133,   1,   1,  0.0000    ,  0.0000    ,  4880.0    ,  0.0000    ,  0.0000    ,  60.000    ,  0.0000    ,  0.0000    ,  0.0000    ,  0.0000    ,  0.0000    ,  290.00    ,  0.0000    ,  0.0000    ,  0.0000    ,  0.0000    ,  0.0000    ,  0.0000    ,  0.0000    ,  0.0000    
 134,   1,   1,  0.0000    ,  0.0000    ,  4880.0    ,  0.0000    ,  0.0000    ,  60.000    ,  0.0000    ,  0.0000    ,  0.0000    ,  0.0000    ,  0.0000    ,  290.00    ,  0.0000    ,  0.0000    ,  0.0000    ,  0.0000    ,  0.0000    ,  0.0000    ,  0.0000    ,  0.0000    
 135,   1,   1,  0.0000    ,  0.0000    ,  4880.0    ,  0.0000    ,  0.0000    ,  60.000    ,  0.0000    ,  0.0000    ,  0.0000    ,  0.0000    ,  0.0000    ,  290.00    ,  0.0000    ,  0.0000    ,  0.0000    ,  0.0000    ,  0.0000    ,  0.0000    ,  0.0000    ,  0.0000    
 136,   1,   1,  0.0000    ,  0.0000    ,  4880.0    ,  0.0000    ,  0.0000    ,  60.000    ,  0.0000    ,  0.0000    ,  0.0000    ,  0.0000    ,  0.0000    ,  290.00    ,  0.0000    ,  0.0000    ,  0.0000    ,  0.0000    ,  0.0000    ,  0.0000    ,  0.0000    ,  0.0000    
 137,   1,   1,  0.0000    ,  0.0000    ,  5339.0    ,  0.0000    ,  0.0000    ,  60.000    ,  0.0000    ,  0.0000    ,  0.0000    ,  0.0000    ,  0.0000    ,  290.00    ,  0.0000    ,  0.0000    ,  0.0000    ,  0.0000    ,  0.0000    ,  0.0000    ,  0.0000    ,  0.0000    
 138,   1,   1,  0.0000    ,  0.0000    ,  5339.0    ,  0.0000    ,  0.0000    ,  60.000    ,  0.0000    ,  0.0000    ,  0.0000    ,  0.0000    ,  0.0000    ,  290.00    ,  0.0000    ,  0.0000    ,  0.0000    ,  0.0000    ,  0.0000    ,  0.0000    ,  0.0000    ,  0.0000    
 139,   1,   1,  0.0000    ,  0.0000    ,  5312.0    ,  0.0000    ,  0.0000    ,  60.000    ,  0.0000    ,  0.0000    ,  0.0000    ,  0.0000    ,  0.0000    ,  290.00    ,  0.0000    ,  0.0000    ,  0.0000    ,  0.0000    ,  0.0000    ,  0.0000    ,  0.0000    ,  0.0000    
 140,   1,   1,  0.0000    ,  0.0000    ,  5312.0    ,  0.0000    ,  0.0000    ,  60.000    ,  0.0000    ,  0.0000    ,  0.0000    ,  0.0000    ,  0.0000    ,  290.00    ,  0.0000    ,  0.0000    ,  0.0000    ,  0.0000    ,  0.0000    ,  0.0000    ,  0.0000    ,  0.0000    
 141,   1,   1,  0.0000    ,  0.0000    ,  5693.0    ,  0.0000    ,  0.0000    ,  60.000    ,  0.0000    ,  0.0000    ,  0.0000    ,  0.0000    ,  0.0000    ,  290.00    ,  0.0000    ,  0.0000    ,  0.0000    ,  0.0000    ,  0.0000    ,  0.0000    ,  0.0000    ,  0.0000    
 142,   1,   1,  0.0000    ,  0.0000    ,  5693.0    ,  0.0000    ,  0.0000    ,  60.000    ,  0.0000    ,  0.0000    ,  0.0000    ,  0.0000    ,  0.0000    ,  290.00    ,  0.0000    ,  0.0000    ,  0.0000    ,  0.0000    ,  0.0000    ,  0.0000    ,  0.0000    ,  0.0000    
 143,   1,   1,  0.0000    ,  0.0000    ,  5446.0    ,  0.0000    ,  0.0000    ,  60.000    ,  0.0000    ,  0.0000    ,  0.0000    ,  0.0000    ,  0.0000    ,  190.00    ,  0.0000    ,  0.0000    ,  0.0000    ,  0.0000    ,  0.0000    ,  0.0000    ,  0.0000    ,  0.0000    
 144,   1,   1,  0.0000    ,  0.0000    ,  5446.0    ,  0.0000    ,  0.0000    ,  60.000    ,  0.0000    ,  0.0000    ,  0.0000    ,  0.0000    ,  0.0000    ,  190.00    ,  0.0000    ,  0.0000    ,  0.0000    ,  0.0000    ,  0.0000    ,  0.0000    ,  0.0000    ,  0.0000    
 145,   1,   1,  0.0000    ,  0.0000    ,  5446.0    ,  0.0000    ,  0.0000    ,  60.000    ,  0.0000    ,  0.0000    ,  0.0000    ,  0.0000    ,  0.0000    ,  190.00    ,  0.0000    ,  0.0000    ,  0.0000    ,  0.0000    ,  0.0000    ,  0.0000    ,  0.0000    ,  0.0000    
 146,   1,   1,  0.0000    ,  0.0000    ,  5446.0    ,  0.0000    ,  0.0000    ,  60.000    ,  0.0000    ,  0.0000    ,  0.0000    ,  0.0000    ,  0.0000    ,  190.00    ,  0.0000    ,  0.0000    ,  0.0000    ,  0.0000    ,  0.0000    ,  0.0000    ,  0.0000    ,  0.0000    
 147,   1,   1,  0.0000    ,  0.0000    ,  5446.0    ,  0.0000    ,  0.0000    ,  60.000    ,  0.0000    ,  0.0000    ,  0.0000    ,  0.0000    ,  0.0000    ,  190.00    ,  0.0000    ,  0.0000    ,  0.0000    ,  0.0000    ,  0.0000    ,  0.0000    ,  0.0000    ,  0.0000    
 148,   1,   1,  0.0000    ,  0.0000    ,  5083.0    ,  0.0000    ,  0.0000    ,  60.000    ,  0.0000    ,  0.0000    ,  0.0000    ,  0.0000    ,  0.0000    ,  190.00    ,  0.0000    ,  0.0000    ,  0.0000    ,  0.0000    ,  0.0000    ,  0.0000    ,  0.0000    ,  0.0000    
 149,   1,   1,  0.0000    ,  0.0000    ,  5083.0    ,  0.0000    ,  0.0000    ,  60.000    ,  0.0000    ,  0.0000    ,  0.0000    ,  0.0000    ,  0.0000    ,  190.00    ,  0.0000    ,  0.0000    ,  0.0000    ,  0.0000    ,  0.0000    ,  0.0000    ,  0.0000    ,  0.0000    
 150,   1,   1,  0.0000    ,  0.0000    ,  5083.0    ,  0.0000    ,  0.0000    ,  60.000    ,  0.0000    ,  0.0000    ,  0.0000    ,  0.0000    ,  0.0000    ,  190.00    ,  0.0000    ,  0.0000    ,  0.0000    ,  0.0000    ,  0.0000    ,  0.0000    ,  0.0000    ,  0.0000    
 151,   1,   1,  0.0000    ,  0.0000    ,  5339.0    ,  0.0000    ,  0.0000    ,  60.000    ,  0.0000    ,  0.0000    ,  0.0000    ,  0.0000    ,  0.0000    ,  290.00    ,  0.0000    ,  0.0000    ,  0.0000    ,  0.0000    ,  0.0000    ,  0.0000    ,  0.0000    ,  0.0000    
 152,   1,   1,  0.0000    ,  0.0000    ,  5339.0    ,  0.0000    ,  0.0000    ,  60.000    ,  0.0000    ,  0.0000    ,  0.0000    ,  0.0000    ,  0.0000    ,  290.00    ,  0.0000    ,  0.0000    ,  0.0000    ,  0.0000    ,  0.0000    ,  0.0000    ,  0.0000    ,  0.0000    
 153,   1,   1,  0.0000    ,  0.0000    ,  5339.0    ,  0.0000    ,  0.0000    ,  60.000    ,  0.0000    ,  0.0000    ,  0.0000    ,  0.0000    ,  0.0000    ,  290.00    ,  0.0000    ,  0.0000    ,  0.0000    ,  0.0000    ,  0.0000    ,  0.0000    ,  0.0000    ,  0.0000    
 154,   1,   1,  0.0000    ,  0.0000    ,  5339.0    ,  0.0000    ,  0.0000    ,  60.000    ,  0.0000    ,  0.0000    ,  0.0000    ,  0.0000    ,  0.0000    ,  290.00    ,  0.0000    ,  0.0000    ,  0.0000    ,  0.0000    ,  0.0000    ,  0.0000    ,  0.0000    ,  0.0000    
 155,   1,   1,  0.0000    ,  0.0000    ,  5339.0    ,  0.0000    ,  0.0000    ,  60.000    ,  0.0000    ,  0.0000    ,  0.0000    ,  0.0000    ,  0.0000    ,  290.00    ,  0.0000    ,  0.0000    ,  0.0000    ,  0.0000    ,  0.0000    ,  0.0000    ,  0.0000    ,  0.0000    
 156,   1,   1,  0.0000    ,  0.0000    ,  5339.0    ,  0.0000    ,  0.0000    ,  60.000    ,  0.0000    ,  0.0000    ,  0.0000    ,  0.0000    ,  0.0000    ,  290.00    ,  0.0000    ,  0.0000    ,  0.0000    ,  0.0000    ,  0.0000    ,  0.0000    ,  0.0000    ,  0.0000    
 157,   1,   1,  0.0000    ,  0.0000    ,  5339.0    ,  0.0000    ,  0.0000    ,  60.000    ,  0.0000    ,  0.0000    ,  0.0000    ,  0.0000    ,  0.0000    ,  290.00    ,  0.0000    ,  0.0000    ,  0.0000    ,  0.0000    ,  0.0000    ,  0.0000    ,  0.0000    ,  0.0000    
 158,   1,   1,  0.0000    ,  0.0000    ,  5339.0    ,  0.0000    ,  0.0000    ,  60.000    ,  0.0000    ,  0.0000    ,  0.0000    ,  0.0000    ,  0.0000    ,  290.00    ,  0.0000    ,  0.0000    ,  0.0000    ,  0.0000    ,  0.0000    ,  0.0000    ,  0.0000    ,  0.0000    
 159,   1,   1,  0.0000    ,  0.0000    ,  5339.0    ,  0.0000    ,  0.0000    ,  60.000    ,  0.0000    ,  0.0000    ,  0.0000    ,  0.0000    ,  0.0000    ,  290.00    ,  0.0000    ,  0.0000    ,  0.0000    ,  0.0000    ,  0.0000    ,  0.0000    ,  0.0000    ,  0.0000    
 160,   1,   1,  0.0000    ,  0.0000    ,  5339.0    ,  0.0000    ,  0.0000    ,  60.000    ,  0.0000    ,  0.0000    ,  0.0000    ,  0.0000    ,  0.0000    ,  290.00    ,  0.0000    ,  0.0000    ,  0.0000    ,  0.0000    ,  0.0000    ,  0.0000    ,  0.0000    ,  0.0000    
 161,   1,   1,  0.0000    ,  0.0000    ,  5339.0    ,  0.0000    ,  0.0000    ,  60.000    ,  0.0000    ,  0.0000    ,  0.0000    ,  0.0000    ,  0.0000    ,  290.00    ,  0.0000    ,  0.0000    ,  0.0000    ,  0.0000    ,  0.0000    ,  0.0000    ,  0.0000    ,  0.0000    
 162,   1,   1,  0.0000    ,  0.0000    ,  5339.0    ,  0.0000    ,  0.0000    ,  60.000    ,  0.0000    ,  0.0000    ,  0.0000    ,  0.0000    ,  0.0000    ,  290.00    ,  0.0000    ,  0.0000    ,  0.0000    ,  0.0000    ,  0.0000    ,  0.0000    ,  0.0000    ,  0.0000    
 163,   1,   1,  0.0000    ,  0.0000    ,  5693.0    ,  0.0000    ,  0.0000    ,  60.000    ,  0.0000    ,  0.0000    ,  0.0000    ,  0.0000    ,  0.0000    ,  290.00    ,  0.0000    ,  0.0000    ,  0.0000    ,  0.0000    ,  0.0000    ,  0.0000    ,  0.0000    ,  0.0000    
 164,   1,   1,  0.0000    ,  0.0000    ,  5693.0    ,  0.0000    ,  0.0000    ,  60.000    ,  0.0000    ,  0.0000    ,  0.0000    ,  0.0000    ,  0.0000    ,  290.00    ,  0.0000    ,  0.0000    ,  0.0000    ,  0.0000    ,  0.0000    ,  0.0000    ,  0.0000    ,  0.0000    
 165,   1,   1,  0.0000    ,  0.0000    ,  5693.0    ,  0.0000    ,  0.0000    ,  60.000    ,  0.0000    ,  0.0000    ,  0.0000    ,  0.0000    ,  0.0000    ,  290.00    ,  0.0000    ,  0.0000    ,  0.0000    ,  0.0000    ,  0.0000    ,  0.0000    ,  0.0000    ,  0.0000    
 166,   1,   1,  0.0000    ,  0.0000    ,  5693.0    ,  0.0000    ,  0.0000    ,  60.000    ,  0.0000    ,  0.0000    ,  0.0000    ,  0.0000    ,  0.0000    ,  290.00    ,  0.0000    ,  0.0000    ,  0.0000    ,  0.0000    ,  0.0000    ,  0.0000    ,  0.0000    ,  0.0000    
 167,   1,   1,  0.0000    ,  0.0000    ,  5446.0    ,  0.0000    ,  0.0000    ,  60.000    ,  0.0000    ,  0.0000    ,  0.0000    ,  0.0000    ,  0.0000    ,  190.00    ,  0.0000    ,  0.0000    ,  0.0000    ,  0.0000    ,  0.0000    ,  0.0000    ,  0.0000    ,  0.0000    
 168,   1,   1,  0.0000    ,  0.0000    ,  5446.0    ,  0.0000    ,  0.0000    ,  60.000    ,  0.0000    ,  0.0000    ,  0.0000    ,  0.0000    ,  0.0000    ,  190.00    ,  0.0000    ,  0.0000    ,  0.0000    ,  0.0000    ,  0.0000    ,  0.0000    ,  0.0000    ,  0.0000    
 169,   1,   1,  0.0000    ,  0.0000    ,  5446.0    ,  0.0000    ,  0.0000    ,  60.000    ,  0.0000    ,  0.0000    ,  0.0000    ,  0.0000    ,  0.0000    ,  190.00    ,  0.0000    ,  0.0000    ,  0.0000    ,  0.0000    ,  0.0000    ,  0.0000    ,  0.0000    ,  0.0000    
 170,   1,   1,  0.0000    ,  0.0000    ,  5083.0    ,  0.0000    ,  0.0000    ,  60.000    ,  0.0000    ,  0.0000    ,  0.0000    ,  0.0000    ,  0.0000    ,  190.00    ,  0.0000    ,  0.0000    ,  0.0000    ,  0.0000    ,  0.0000    ,  0.0000    ,  0.0000    ,  0.0000    
 171,   1,   1,  0.0000    ,  0.0000    ,  5083.0    ,  0.0000    ,  0.0000    ,  60.000    ,  0.0000    ,  0.0000    ,  0.0000    ,  0.0000    ,  0.0000    ,  190.00    ,  0.0000    ,  0.0000    ,  0.0000    ,  0.0000    ,  0.0000    ,  0.0000    ,  0.0000    ,  0.0000    
 172,   1,   1,  0.0000    ,  0.0000    ,  4734.0    ,  0.0000    ,  0.0000    ,  60.000    ,  0.0000    ,  0.0000    ,  0.0000    ,  0.0000    ,  0.0000    ,  190.00    ,  0.0000    ,  0.0000    ,  0.0000    ,  0.0000    ,  0.0000    ,  0.0000    ,  0.0000    ,  0.0000    
 173,   1,   1,  0.0000    ,  0.0000    ,  4734.0    ,  0.0000    ,  0.0000    ,  60.000    ,  0.0000    ,  0.0000    ,  0.0000    ,  0.0000    ,  0.0000    ,  190.00    ,  0.0000    ,  0.0000    ,  0.0000    ,  0.0000    ,  0.0000    ,  0.0000    ,  0.0000    ,  0.0000    
 174,   1,   1,  0.0000    ,  0.0000    ,  4299.0    ,  0.0000    ,  0.0000    ,  60.000    ,  0.0000    ,  0.0000    ,  0.0000    ,  0.0000    ,  0.0000    ,  190.00    ,  0.0000    ,  0.0000    ,  0.0000    ,  0.0000    ,  0.0000    ,  0.0000    ,  0.0000    ,  0.0000    
 175,   1,   1,  0.0000    ,  0.0000    ,  4573.0    ,  0.0000    ,  0.0000    ,  60.000    ,  0.0000    ,  0.0000    ,  0.0000    ,  0.0000    ,  0.0000    ,  190.00    ,  0.0000    ,  0.0000    ,  0.0000    ,  0.0000    ,  0.0000    ,  0.0000    ,  0.0000    ,  0.0000    
 176,   1,   1,  0.0000    ,  0.0000    ,  4880.0    ,  0.0000    ,  0.0000    ,  60.000    ,  0.0000    ,  0.0000    ,  0.0000    ,  0.0000    ,  0.0000    ,  190.00    ,  0.0000    ,  0.0000    ,  0.0000    ,  0.0000    ,  0.0000    ,  0.0000    ,  0.0000    ,  0.0000    
 177,   1,   1,  0.0000    ,  0.0000    ,  4880.0    ,  0.0000    ,  0.0000    ,  60.000    ,  0.0000    ,  0.0000    ,  0.0000    ,  0.0000    ,  0.0000    ,  190.00    ,  0.0000    ,  0.0000    ,  0.0000    ,  0.0000    ,  0.0000    ,  0.0000    ,  0.0000    ,  0.0000    
 178,   1,   1,  0.0000    ,  0.0000    ,  4880.0    ,  0.0000    ,  0.0000    ,  60.000    ,  0.0000    ,  0.0000    ,  0.0000    ,  0.0000    ,  0.0000    ,  190.00    ,  0.0000    ,  0.0000    ,  0.0000    ,  0.0000    ,  0.0000    ,  0.0000    ,  0.0000    ,  0.0000    
 179,   1,   1,  0.0000    ,  0.0000    ,  4880.0    ,  0.0000    ,  0.0000    ,  60.000    ,  0.0000    ,  0.0000    ,  0.0000    ,  0.0000    ,  0.0000    ,  190.00    ,  0.0000    ,  0.0000    ,  0.0000    ,  0.0000    ,  0.0000    ,  0.0000    ,  0.0000    ,  0.0000    
 180,   1,   1,  0.0000    ,  0.0000    ,  4573.0    ,  0.0000    ,  0.0000    ,  60.000    ,  0.0000    ,  0.0000    ,  0.0000    ,  0.0000    ,  0.0000    ,  190.00    ,  0.0000    ,  0.0000    ,  0.0000    ,  0.0000    ,  0.0000    ,  0.0000    ,  0.0000    ,  0.0000    
 181,   1,   1,  0.0000    ,  0.0000    ,  4573.0    ,  0.0000    ,  0.0000    ,  60.000    ,  0.0000    ,  0.0000    ,  0.0000    ,  0.0000    ,  0.0000    ,  190.00    ,  0.0000    ,  0.0000    ,  0.0000    ,  0.0000    ,  0.0000    ,  0.0000    ,  0.0000    ,  0.0000    
 182,   1,   1,  0.0000    ,  0.0000    ,  4573.0    ,  0.0000    ,  0.0000    ,  60.000    ,  0.0000    ,  0.0000    ,  0.0000    ,  0.0000    ,  0.0000    ,  190.00    ,  0.0000    ,  0.0000    ,  0.0000    ,  0.0000    ,  0.0000    ,  0.0000    ,  0.0000    ,  0.0000    
 183,   1,   1,  0.0000    ,  0.0000    ,  4573.0    ,  0.0000    ,  0.0000    ,  60.000    ,  0.0000    ,  0.0000    ,  0.0000    ,  0.0000    ,  0.0000    ,  190.00    ,  0.0000    ,  0.0000    ,  0.0000    ,  0.0000    ,  0.0000    ,  0.0000    ,  0.0000    ,  0.0000    
 184,   1,   1,  0.0000    ,  0.0000    ,  4573.0    ,  0.0000    ,  0.0000    ,  60.000    ,  0.0000    ,  0.0000    ,  0.0000    ,  0.0000    ,  0.0000    ,  190.00    ,  0.0000    ,  0.0000    ,  0.0000    ,  0.0000    ,  0.0000    ,  0.0000    ,  0.0000    ,  0.0000    
 185,   1,   1,  0.0000    ,  0.0000    ,  4573.0    ,  0.0000    ,  0.0000    ,  60.000    ,  0.0000    ,  0.0000    ,  0.0000    ,  0.0000    ,  0.0000    ,  190.00    ,  0.0000    ,  0.0000    ,  0.0000    ,  0.0000    ,  0.0000    ,  0.0000    ,  0.0000    ,  0.0000    
 186,   1,   1,  0.0000    ,  0.0000    ,  4880.0    ,  0.0000    ,  0.0000    ,  60.000    ,  0.0000    ,  0.0000    ,  0.0000    ,  0.0000    ,  0.0000    ,  190.00    ,  0.0000    ,  0.0000    ,  0.0000    ,  0.0000    ,  0.0000    ,  0.0000    ,  0.0000    ,  0.0000    
 187,   1,   1,  0.0000    ,  0.0000    ,  4966.0    ,  0.0000    ,  0.0000    ,  60.000    ,  0.0000    ,  0.0000    ,  0.0000    ,  0.0000    ,  0.0000    ,  190.00    ,  0.0000    ,  0.0000    ,  0.0000    ,  0.0000    ,  0.0000    ,  0.0000    ,  0.0000    ,  0.0000    
 188,   1,   1,  0.0000    ,  0.0000    ,  4966.0    ,  0.0000    ,  0.0000    ,  60.000    ,  0.0000    ,  0.0000    ,  0.0000    ,  0.0000    ,  0.0000    ,  190.00    ,  0.0000    ,  0.0000    ,  0.0000    ,  0.0000    ,  0.0000    ,  0.0000    ,  0.0000    ,  0.0000    
 189,   1,   1,  0.0000    ,  0.0000    ,  4586.0    ,  0.0000    ,  0.0000    ,  60.000    ,  0.0000    ,  0.0000    ,  0.0000    ,  0.0000    ,  0.0000    ,  190.00    ,  0.0000    ,  0.0000    ,  0.0000    ,  0.0000    ,  0.0000    ,  0.0000    ,  0.0000    ,  0.0000    
 190,   1,   1,  0.0000    ,  0.0000    ,  4586.0    ,  0.0000    ,  0.0000    ,  60.000    ,  0.0000    ,  0.0000    ,  0.0000    ,  0.0000    ,  0.0000    ,  190.00    ,  0.0000    ,  0.0000    ,  0.0000    ,  0.0000    ,  0.0000    ,  0.0000    ,  0.0000    ,  0.0000    
 191,   1,   1,  0.0000    ,  0.0000    ,  4299.0    ,  0.0000    ,  0.0000    ,  60.000    ,  0.0000    ,  0.0000    ,  0.0000    ,  0.0000    ,  0.0000    ,  190.00    ,  0.0000    ,  0.0000    ,  0.0000    ,  0.0000    ,  0.0000    ,  0.0000    ,  0.0000    ,  0.0000    
 192,   1,   1,  0.0000    ,  0.0000    ,  4299.0    ,  0.0000    ,  0.0000    ,  60.000    ,  0.0000    ,  0.0000    ,  0.0000    ,  0.0000    ,  0.0000    ,  190.00    ,  0.0000    ,  0.0000    ,  0.0000    ,  0.0000    ,  0.0000    ,  0.0000    ,  0.0000    ,  0.0000    
 193,   1,   1,  0.0000    ,  0.0000    ,  4299.0    ,  0.0000    ,  0.0000    ,  60.000    ,  0.0000    ,  0.0000    ,  0.0000    ,  0.0000    ,  0.0000    ,  190.00    ,  0.0000    ,  0.0000    ,  0.0000    ,  0.0000    ,  0.0000    ,  0.0000    ,  0.0000    ,  0.0000    
 194,   1,   1,  0.0000    ,  0.0000    ,  4299.0    ,  0.0000    ,  0.0000    ,  60.000    ,  0.0000    ,  0.0000    ,  0.0000    ,  0.0000    ,  0.0000    ,  190.00    ,  0.0000    ,  0.0000    ,  0.0000    ,  0.0000    ,  0.0000    ,  0.0000    ,  0.0000    ,  0.0000    
 195,   1,   1,  0.0000    ,  0.0000    ,  3864.0    ,  0.0000    ,  0.0000    ,  60.000    ,  0.0000    ,  0.0000    ,  0.0000    ,  0.0000    ,  0.0000    ,  190.00    ,  0.0000    ,  0.0000    ,  0.0000    ,  0.0000    ,  0.0000    ,  0.0000    ,  0.0000    ,  0.0000    
 196,   1,   1,  0.0000    ,  0.0000    ,  3864.0    ,  0.0000    ,  0.0000    ,  60.000    ,  0.0000    ,  0.0000    ,  0.0000    ,  0.0000    ,  0.0000    ,  190.00    ,  0.0000    ,  0.0000    ,  0.0000    ,  0.0000    ,  0.0000    ,  0.0000    ,  0.0000    ,  0.0000    
 197,   1,   1,  0.0000    ,  0.0000    ,  3864.0    ,  0.0000    ,  0.0000    ,  60.000    ,  0.0000    ,  0.0000    ,  0.0000    ,  0.0000    ,  0.0000    ,  190.00    ,  0.0000    ,  0.0000    ,  0.0000    ,  0.0000    ,  0.0000    ,  0.0000    ,  0.0000    ,  0.0000    
 198,   1,   1,  0.0000    ,  0.0000    ,  3864.0    ,  0.0000    ,  0.0000    ,  60.000    ,  0.0000    ,  0.0000    ,  0.0000    ,  0.0000    ,  0.0000    ,  190.00    ,  0.0000    ,  0.0000    ,  0.0000    ,  0.0000    ,  0.0000    ,  0.0000    ,  0.0000    ,  0.0000    
 199,   1,   1,  0.0000    ,  0.0000    ,  4216.0    ,  0.0000    ,  0.0000    ,  60.000    ,  0.0000    ,  0.0000    ,  0.0000    ,  0.0000    ,  0.0000    ,  290.00    ,  0.0000    ,  0.0000    ,  0.0000    ,  0.0000    ,  0.0000    ,  0.0000    ,  0.0000    ,  0.0000    
 200,   1,   1,  0.0000    ,  0.0000    ,  4216.0    ,  0.0000    ,  0.0000    ,  60.000    ,  0.0000    ,  0.0000    ,  0.0000    ,  0.0000    ,  0.0000    ,  290.00    ,  0.0000    ,  0.0000    ,  0.0000    ,  0.0000    ,  0.0000    ,  0.0000    ,  0.0000    ,  0.0000    
 201,   1,   1,  0.0000    ,  0.0000    ,  4573.0    ,  0.0000    ,  0.0000    ,  60.000    ,  0.0000    ,  0.0000    ,  0.0000    ,  0.0000    ,  0.0000    ,  290.00    ,  0.0000    ,  0.0000    ,  0.0000    ,  0.0000    ,  0.0000    ,  0.0000    ,  0.0000    ,  0.0000    
 202,   1,   1,  0.0000    ,  0.0000    ,  4573.0    ,  0.0000    ,  0.0000    ,  60.000    ,  0.0000    ,  0.0000    ,  0.0000    ,  0.0000    ,  0.0000    ,  290.00    ,  0.0000    ,  0.0000    ,  0.0000    ,  0.0000    ,  0.0000    ,  0.0000    ,  0.0000    ,  0.0000    
 203,   1,   1,  0.0000    ,  0.0000    ,  4573.0    ,  0.0000    ,  0.0000    ,  60.000    ,  0.0000    ,  0.0000    ,  0.0000    ,  0.0000    ,  0.0000    ,  290.00    ,  0.0000    ,  0.0000    ,  0.0000    ,  0.0000    ,  0.0000    ,  0.0000    ,  0.0000    ,  0.0000    
 204,   1,   1,  0.0000    ,  0.0000    ,  4216.0    ,  0.0000    ,  0.0000    ,  60.000    ,  0.0000    ,  0.0000    ,  0.0000    ,  0.0000    ,  0.0000    ,  290.00    ,  0.0000    ,  0.0000    ,  0.0000    ,  0.0000    ,  0.0000    ,  0.0000    ,  0.0000    ,  0.0000    
 205,   1,   1,  0.0000    ,  0.0000    ,  4216.0    ,  0.0000    ,  0.0000    ,  60.000    ,  0.0000    ,  0.0000    ,  0.0000    ,  0.0000    ,  0.0000    ,  290.00    ,  0.0000    ,  0.0000    ,  0.0000    ,  0.0000    ,  0.0000    ,  0.0000    ,  0.0000    ,  0.0000    
 206,   1,   1,  0.0000    ,  0.0000    ,  4216.0    ,  0.0000    ,  0.0000    ,  60.000    ,  0.0000    ,  0.0000    ,  0.0000    ,  0.0000    ,  0.0000    ,  290.00    ,  0.0000    ,  0.0000    ,  0.0000    ,  0.0000    ,  0.0000    ,  0.0000    ,  0.0000    ,  0.0000    
 207,   1,   1,  0.0000    ,  0.0000    ,  4216.0    ,  0.0000    ,  0.0000    ,  60.000    ,  0.0000    ,  0.0000    ,  0.0000    ,  0.0000    ,  0.0000    ,  290.00    ,  0.0000    ,  0.0000    ,  0.0000    ,  0.0000    ,  0.0000    ,  0.0000    ,  0.0000    ,  0.0000    
 208,   1,   1,  0.0000    ,  0.0000    ,  4216.0    ,  0.0000    ,  0.0000    ,  60.000    ,  0.0000    ,  0.0000    ,  0.0000    ,  0.0000    ,  0.0000    ,  290.00    ,  0.0000    ,  0.0000    ,  0.0000    ,  0.0000    ,  0.0000    ,  0.0000    ,  0.0000    ,  0.0000    
 209,   1,   1,  0.0000    ,  0.0000    ,  4573.0    ,  0.0000    ,  0.0000    ,  60.000    ,  0.0000    ,  0.0000    ,  0.0000    ,  0.0000    ,  0.0000    ,  290.00    ,  0.0000    ,  0.0000    ,  0.0000    ,  0.0000    ,  0.0000    ,  0.0000    ,  0.0000    ,  0.0000    
 210,   1,   1,  0.0000    ,  0.0000    ,  4880.0    ,  0.0000    ,  0.0000    ,  60.000    ,  0.0000    ,  0.0000    ,  0.0000    ,  0.0000    ,  0.0000    ,  290.00    ,  0.0000    ,  0.0000    ,  0.0000    ,  0.0000    ,  0.0000    ,  0.0000    ,  0.0000    ,  0.0000    
 211,   1,   1,  0.0000    ,  0.0000    ,  4966.0    ,  0.0000    ,  0.0000    ,  60.000    ,  0.0000    ,  0.0000    ,  0.0000    ,  0.0000    ,  0.0000    ,  290.00    ,  0.0000    ,  0.0000    ,  0.0000    ,  0.0000    ,  0.0000    ,  0.0000    ,  0.0000    ,  0.0000    
 212,   1,   1,  0.0000    ,  0.0000    ,  4966.0    ,  0.0000    ,  0.0000    ,  60.000    ,  0.0000    ,  0.0000    ,  0.0000    ,  0.0000    ,  0.0000    ,  290.00    ,  0.0000    ,  0.0000    ,  0.0000    ,  0.0000    ,  0.0000    ,  0.0000    ,  0.0000    ,  0.0000    
 213,   1,   1,  0.0000    ,  0.0000    ,  4966.0    ,  0.0000    ,  0.0000    ,  60.000    ,  0.0000    ,  0.0000    ,  0.0000    ,  0.0000    ,  0.0000    ,  290.00    ,  0.0000    ,  0.0000    ,  0.0000    ,  0.0000    ,  0.0000    ,  0.0000    ,  0.0000    ,  0.0000    
 214,   1,   1,  0.0000    ,  0.0000    ,  5312.0    ,  0.0000    ,  0.0000    ,  60.000    ,  0.0000    ,  0.0000    ,  0.0000    ,  0.0000    ,  0.0000    ,  290.00    ,  0.0000    ,  0.0000    ,  0.0000    ,  0.0000    ,  0.0000    ,  0.0000    ,  0.0000    ,  0.0000    
 215,   1,   1,  0.0000    ,  0.0000    ,  5083.0    ,  0.0000    ,  0.0000    ,  60.000    ,  0.0000    ,  0.0000    ,  0.0000    ,  0.0000    ,  0.0000    ,  190.00    ,  0.0000    ,  0.0000    ,  0.0000    ,  0.0000    ,  0.0000    ,  0.0000    ,  0.0000    ,  0.0000    
 216,   1,   1,  0.0000    ,  0.0000    ,  5083.0    ,  0.0000    ,  0.0000    ,  60.000    ,  0.0000    ,  0.0000    ,  0.0000    ,  0.0000    ,  0.0000    ,  190.00    ,  0.0000    ,  0.0000    ,  0.0000    ,  0.0000    ,  0.0000    ,  0.0000    ,  0.0000    ,  0.0000    
 217,   1,   1,  0.0000    ,  0.0000    ,  4734.0    ,  0.0000    ,  0.0000    ,  60.000    ,  0.0000    ,  0.0000    ,  0.0000    ,  0.0000    ,  0.0000    ,  190.00    ,  0.0000    ,  0.0000    ,  0.0000    ,  0.0000    ,  0.0000    ,  0.0000    ,  0.0000    ,  0.0000    
 218,   1,   1,  0.0000    ,  0.0000    ,  4734.0    ,  0.0000    ,  0.0000    ,  60.000    ,  0.0000    ,  0.0000    ,  0.0000    ,  0.0000    ,  0.0000    ,  190.00    ,  0.0000    ,  0.0000    ,  0.0000    ,  0.0000    ,  0.0000    ,  0.0000    ,  0.0000    ,  0.0000    
 219,   1,   1,  0.0000    ,  0.0000    ,  4734.0    ,  0.0000    ,  0.0000    ,  60.000    ,  0.0000    ,  0.0000    ,  0.0000    ,  0.0000    ,  0.0000    ,  190.00    ,  0.0000    ,  0.0000    ,  0.0000    ,  0.0000    ,  0.0000    ,  0.0000    ,  0.0000    ,  0.0000    
 220,   1,   1,  0.0000    ,  0.0000    ,  4734.0    ,  0.0000    ,  0.0000    ,  60.000    ,  0.0000    ,  0.0000    ,  0.0000    ,  0.0000    ,  0.0000    ,  190.00    ,  0.0000    ,  0.0000    ,  0.0000    ,  0.0000    ,  0.0000    ,  0.0000    ,  0.0000    ,  0.0000    
 221,   1,   1,  0.0000    ,  0.0000    ,  4299.0    ,  0.0000    ,  0.0000    ,  60.000    ,  0.0000    ,  0.0000    ,  0.0000    ,  0.0000    ,  0.0000    ,  190.00    ,  0.0000    ,  0.0000    ,  0.0000    ,  0.0000    ,  0.0000    ,  0.0000    ,  0.0000    ,  0.0000    
 222,   1,   1,  0.0000    ,  0.0000    ,  4299.0    ,  0.0000    ,  0.0000    ,  60.000    ,  0.0000    ,  0.0000    ,  0.0000    ,  0.0000    ,  0.0000    ,  190.00    ,  0.0000    ,  0.0000    ,  0.0000    ,  0.0000    ,  0.0000    ,  0.0000    ,  0.0000    ,  0.0000    
 223,   1,   1,  0.0000    ,  0.0000    ,  4704.0    ,  0.0000    ,  0.0000    ,  60.000    ,  0.0000    ,  0.0000    ,  0.0000    ,  0.0000    ,  0.0000    ,  290.00    ,  0.0000    ,  0.0000    ,  0.0000    ,  0.0000    ,  0.0000    ,  0.0000    ,  0.0000    ,  0.0000    
 224,   1,   1,  0.0000    ,  0.0000    ,  5291.0    ,  0.0000    ,  0.0000    ,  60.000    ,  0.0000    ,  0.0000    ,  0.0000    ,  0.0000    ,  0.0000    ,  290.00    ,  0.0000    ,  0.0000    ,  0.0000    ,  0.0000    ,  0.0000    ,  0.0000    ,  0.0000    ,  0.0000    
 225,   1,   1,  0.0000    ,  0.0000    ,  5291.0    ,  0.0000    ,  0.0000    ,  60.000    ,  0.0000    ,  0.0000    ,  0.0000    ,  0.0000    ,  0.0000    ,  290.00    ,  0.0000    ,  0.0000    ,  0.0000    ,  0.0000    ,  0.0000    ,  0.0000    ,  0.0000    ,  0.0000    
 226,   1,   1,  0.0000    ,  0.0000    ,  5291.0    ,  0.0000    ,  0.0000    ,  60.000    ,  0.0000    ,  0.0000    ,  0.0000    ,  0.0000    ,  0.0000    ,  290.00    ,  0.0000    ,  0.0000    ,  0.0000    ,  0.0000    ,  0.0000    ,  0.0000    ,  0.0000    ,  0.0000    
 227,   1,   1,  0.0000    ,  0.0000    ,  5291.0    ,  0.0000    ,  0.0000    ,  60.000    ,  0.0000    ,  0.0000    ,  0.0000    ,  0.0000    ,  0.0000    ,  290.00    ,  0.0000    ,  0.0000    ,  0.0000    ,  0.0000    ,  0.0000    ,  0.0000    ,  0.0000    ,  0.0000    
 228,   1,   1,  0.0000    ,  0.0000    ,  4704.0    ,  0.0000    ,  0.0000    ,  60.000    ,  0.0000    ,  0.0000    ,  0.0000    ,  0.0000    ,  0.0000    ,  290.00    ,  0.0000    ,  0.0000    ,  0.0000    ,  0.0000    ,  0.0000    ,  0.0000    ,  0.0000    ,  0.0000    
 229,   1,   1,  0.0000    ,  0.0000    ,  4704.0    ,  0.0000    ,  0.0000    ,  60.000    ,  0.0000    ,  0.0000    ,  0.0000    ,  0.0000    ,  0.0000    ,  290.00    ,  0.0000    ,  0.0000    ,  0.0000    ,  0.0000    ,  0.0000    ,  0.0000    ,  0.0000    ,  0.0000    
 230,   1,   1,  0.0000    ,  0.0000    ,  4704.0    ,  0.0000    ,  0.0000    ,  60.000    ,  0.0000    ,  0.0000    ,  0.0000    ,  0.0000    ,  0.0000    ,  290.00    ,  0.0000    ,  0.0000    ,  0.0000    ,  0.0000    ,  0.0000    ,  0.0000    ,  0.0000    ,  0.0000    
 231,   1,   1,  0.0000    ,  0.0000    ,  4704.0    ,  0.0000    ,  0.0000    ,  60.000    ,  0.0000    ,  0.0000    ,  0.0000    ,  0.0000    ,  0.0000    ,  290.00    ,  0.0000    ,  0.0000    ,  0.0000    ,  0.0000    ,  0.0000    ,  0.0000    ,  0.0000    ,  0.0000    
 232,   1,   1,  0.0000    ,  0.0000    ,  4704.0    ,  0.0000    ,  0.0000    ,  60.000    ,  0.0000    ,  0.0000    ,  0.0000    ,  0.0000    ,  0.0000    ,  290.00    ,  0.0000    ,  0.0000    ,  0.0000    ,  0.0000    ,  0.0000    ,  0.0000    ,  0.0000    ,  0.0000    
 233,   1,   1,  0.0000    ,  0.0000    ,  4704.0    ,  0.0000    ,  0.0000    ,  60.000    ,  0.0000    ,  0.0000    ,  0.0000    ,  0.0000    ,  0.0000    ,  290.00    ,  0.0000    ,  0.0000    ,  0.0000    ,  0.0000    ,  0.0000    ,  0.0000    ,  0.0000    ,  0.0000    
 234,   1,   1,  0.0000    ,  0.0000    ,  5291.0    ,  0.0000    ,  0.0000    ,  60.000    ,  0.0000    ,  0.0000    ,  0.0000    ,  0.0000    ,  0.0000    ,  290.00    ,  0.0000    ,  0.0000    ,  0.0000    ,  0.0000    ,  0.0000    ,  0.0000    ,  0.0000    ,  0.0000    
 235,   1,   1,  0.0000    ,  0.0000    ,  5222.0    ,  0.0000    ,  0.0000    ,  60.000    ,  0.0000    ,  0.0000    ,  0.0000    ,  0.0000    ,  0.0000    ,  290.00    ,  0.0000    ,  0.0000    ,  0.0000    ,  0.0000    ,  0.0000    ,  0.0000    ,  0.0000    ,  0.0000    
 236,   1,   1,  0.0000    ,  0.0000    ,  5683.0    ,  0.0000    ,  0.0000    ,  60.000    ,  0.0000    ,  0.0000    ,  0.0000    ,  0.0000    ,  0.0000    ,  290.00    ,  0.0000    ,  0.0000    ,  0.0000    ,  0.0000    ,  0.0000    ,  0.0000    ,  0.0000    ,  0.0000    
 237,   1,   1,  0.0000    ,  0.0000    ,  5222.0    ,  0.0000    ,  0.0000    ,  60.000    ,  0.0000    ,  0.0000    ,  0.0000    ,  0.0000    ,  0.0000    ,  290.00    ,  0.0000    ,  0.0000    ,  0.0000    ,  0.0000    ,  0.0000    ,  0.0000    ,  0.0000    ,  0.0000    
 238,   1,   1,  0.0000    ,  0.0000    ,  5683.0    ,  0.0000    ,  0.0000    ,  60.000    ,  0.0000    ,  0.0000    ,  0.0000    ,  0.0000    ,  0.0000    ,  290.00    ,  0.0000    ,  0.0000    ,  0.0000    ,  0.0000    ,  0.0000    ,  0.0000    ,  0.0000    ,  0.0000    
 239,   1,   1,  0.0000    ,  0.0000    ,  5446.0    ,  0.0000    ,  0.0000    ,  60.000    ,  0.0000    ,  0.0000    ,  0.0000    ,  0.0000    ,  0.0000    ,  190.00    ,  0.0000    ,  0.0000    ,  0.0000    ,  0.0000    ,  0.0000    ,  0.0000    ,  0.0000    ,  0.0000    
 240,   1,   1,  0.0000    ,  0.0000    ,  5083.0    ,  0.0000    ,  0.0000    ,  60.000    ,  0.0000    ,  0.0000    ,  0.0000    ,  0.0000    ,  0.0000    ,  190.00    ,  0.0000    ,  0.0000    ,  0.0000    ,  0.0000    ,  0.0000    ,  0.0000    ,  0.0000    ,  0.0000    
 241,   1,   1,  0.0000    ,  0.0000    ,  4734.0    ,  0.0000    ,  0.0000    ,  60.000    ,  0.0000    ,  0.0000    ,  0.0000    ,  0.0000    ,  0.0000    ,  190.00    ,  0.0000    ,  0.0000    ,  0.0000    ,  0.0000    ,  0.0000    ,  0.0000    ,  0.0000    ,  0.0000    
 242,   1,   1,  0.0000    ,  0.0000    ,  4299.0    ,  0.0000    ,  0.0000    ,  60.000    ,  0.0000    ,  0.0000    ,  0.0000    ,  0.0000    ,  0.0000    ,  190.00    ,  0.0000    ,  0.0000    ,  0.0000    ,  0.0000    ,  0.0000    ,  0.0000    ,  0.0000    ,  0.0000    
 243,   1,   1,  0.0000    ,  0.0000    ,  4299.0    ,  0.0000    ,  0.0000    ,  60.000    ,  0.0000    ,  0.0000    ,  0.0000    ,  0.0000    ,  0.0000    ,  190.00    ,  0.0000    ,  0.0000    ,  0.0000    ,  0.0000    ,  0.0000    ,  0.0000    ,  0.0000    ,  0.0000    
 244,   1,   1,  0.0000    ,  0.0000    ,  3864.0    ,  0.0000    ,  0.0000    ,  60.000    ,  0.0000    ,  0.0000    ,  0.0000    ,  0.0000    ,  0.0000    ,  190.00    ,  0.0000    ,  0.0000    ,  0.0000    ,  0.0000    ,  0.0000    ,  0.0000    ,  0.0000    ,  0.0000    
 245,   1,   1,  0.0000    ,  0.0000    ,  3864.0    ,  0.0000    ,  0.0000    ,  60.000    ,  0.0000    ,  0.0000    ,  0.0000    ,  0.0000    ,  0.0000    ,  190.00    ,  0.0000    ,  0.0000    ,  0.0000    ,  0.0000    ,  0.0000    ,  0.0000    ,  0.0000    ,  0.0000    
 246,   1,   1,  0.0000    ,  0.0000    ,  3864.0    ,  0.0000    ,  0.0000    ,  60.000    ,  0.0000    ,  0.0000    ,  0.0000    ,  0.0000    ,  0.0000    ,  190.00    ,  0.0000    ,  0.0000    ,  0.0000    ,  0.0000    ,  0.0000    ,  0.0000    ,  0.0000    ,  0.0000    
 247,   1,   1,  0.0000    ,  0.0000    ,  4362.0    ,  0.0000    ,  0.0000    ,  60.000    ,  0.0000    ,  0.0000    ,  0.0000    ,  0.0000    ,  0.0000    ,  290.00    ,  0.0000    ,  0.0000    ,  0.0000    ,  0.0000    ,  0.0000    ,  0.0000    ,  0.0000    ,  0.0000    
 248,   1,   1,  0.0000    ,  0.0000    ,  4362.0    ,  0.0000    ,  0.0000    ,  60.000    ,  0.0000    ,  0.0000    ,  0.0000    ,  0.0000    ,  0.0000    ,  290.00    ,  0.0000    ,  0.0000    ,  0.0000    ,  0.0000    ,  0.0000    ,  0.0000    ,  0.0000    ,  0.0000    
 249,   1,   1,  0.0000    ,  0.0000    ,  4362.0    ,  0.0000    ,  0.0000    ,  60.000    ,  0.0000    ,  0.0000    ,  0.0000    ,  0.0000    ,  0.0000    ,  290.00    ,  0.0000    ,  0.0000    ,  0.0000    ,  0.0000    ,  0.0000    ,  0.0000    ,  0.0000    ,  0.0000    
 250,   1,   1,  0.0000    ,  0.0000    ,  4362.0    ,  0.0000    ,  0.0000    ,  60.000    ,  0.0000    ,  0.0000    ,  0.0000    ,  0.0000    ,  0.0000    ,  290.00    ,  0.0000    ,  0.0000    ,  0.0000    ,  0.0000    ,  0.0000    ,  0.0000    ,  0.0000    ,  0.0000    
 251,   1,   1,  0.0000    ,  0.0000    ,  4362.0    ,  0.0000    ,  0.0000    ,  60.000    ,  0.0000    ,  0.0000    ,  0.0000    ,  0.0000    ,  0.0000    ,  290.00    ,  0.0000    ,  0.0000    ,  0.0000    ,  0.0000    ,  0.0000    ,  0.0000    ,  0.0000    ,  0.0000    
 252,   1,   1,  0.0000    ,  0.0000    ,  4362.0    ,  0.0000    ,  0.0000    ,  60.000    ,  0.0000    ,  0.0000    ,  0.0000    ,  0.0000    ,  0.0000    ,  290.00    ,  0.0000    ,  0.0000    ,  0.0000    ,  0.0000    ,  0.0000    ,  0.0000    ,  0.0000    ,  0.0000    
 253,   1,   1,  0.0000    ,  0.0000    ,  4362.0    ,  0.0000    ,  0.0000    ,  60.000    ,  0.0000    ,  0.0000    ,  0.0000    ,  0.0000    ,  0.0000    ,  290.00    ,  0.0000    ,  0.0000    ,  0.0000    ,  0.0000    ,  0.0000    ,  0.0000    ,  0.0000    ,  0.0000    
 254,   1,   1,  0.0000    ,  0.0000    ,  4362.0    ,  0.0000    ,  0.0000    ,  60.000    ,  0.0000    ,  0.0000    ,  0.0000    ,  0.0000    ,  0.0000    ,  290.00    ,  0.0000    ,  0.0000    ,  0.0000    ,  0.0000    ,  0.0000    ,  0.0000    ,  0.0000    ,  0.0000    
 255,   1,   1,  0.0000    ,  0.0000    ,  4362.0    ,  0.0000    ,  0.0000    ,  60.000    ,  0.0000    ,  0.0000    ,  0.0000    ,  0.0000    ,  0.0000    ,  290.00    ,  0.0000    ,  0.0000    ,  0.0000    ,  0.0000    ,  0.0000    ,  0.0000    ,  0.0000    ,  0.0000    
 256,   1,   1,  0.0000    ,  0.0000    ,  4362.0    ,  0.0000    ,  0.0000    ,  60.000    ,  0.0000    ,  0.0000    ,  0.0000    ,  0.0000    ,  0.0000    ,  290.00    ,  0.0000    ,  0.0000    ,  0.0000    ,  0.0000    ,  0.0000    ,  0.0000    ,  0.0000    ,  0.0000    
 257,   1,   1,  0.0000    ,  0.0000    ,  4362.0    ,  0.0000    ,  0.0000    ,  60.000    ,  0.0000    ,  0.0000    ,  0.0000    ,  0.0000    ,  0.0000    ,  290.00    ,  0.0000    ,  0.0000    ,  0.0000    ,  0.0000    ,  0.0000    ,  0.0000    ,  0.0000    ,  0.0000    
 258,   1,   1,  0.0000    ,  0.0000    ,  4362.0    ,  0.0000    ,  0.0000    ,  60.000    ,  0.0000    ,  0.0000    ,  0.0000    ,  0.0000    ,  0.0000    ,  290.00    ,  0.0000    ,  0.0000    ,  0.0000    ,  0.0000    ,  0.0000    ,  0.0000    ,  0.0000    ,  0.0000    
 259,   1,   1,  0.0000    ,  0.0000    ,  4640.0    ,  0.0000    ,  0.0000    ,  60.000    ,  0.0000    ,  0.0000    ,  0.0000    ,  0.0000    ,  0.0000    ,  290.00    ,  0.0000    ,  0.0000    ,  0.0000    ,  0.0000    ,  0.0000    ,  0.0000    ,  0.0000    ,  0.0000    
 260,   1,   1,  0.0000    ,  0.0000    ,  4640.0    ,  0.0000    ,  0.0000    ,  60.000    ,  0.0000    ,  0.0000    ,  0.0000    ,  0.0000    ,  0.0000    ,  290.00    ,  0.0000    ,  0.0000    ,  0.0000    ,  0.0000    ,  0.0000    ,  0.0000    ,  0.0000    ,  0.0000    
 261,   1,   1,  0.0000    ,  0.0000    ,  4640.0    ,  0.0000    ,  0.0000    ,  60.000    ,  0.0000    ,  0.0000    ,  0.0000    ,  0.0000    ,  0.0000    ,  290.00    ,  0.0000    ,  0.0000    ,  0.0000    ,  0.0000    ,  0.0000    ,  0.0000    ,  0.0000    ,  0.0000    
 262,   1,   1,  0.0000    ,  0.0000    ,  4640.0    ,  0.0000    ,  0.0000    ,  60.000    ,  0.0000    ,  0.0000    ,  0.0000    ,  0.0000    ,  0.0000    ,  290.00    ,  0.0000    ,  0.0000    ,  0.0000    ,  0.0000    ,  0.0000    ,  0.0000    ,  0.0000    ,  0.0000    
 263,   1,   1,  0.0000    ,  0.0000    ,  3864.0    ,  0.0000    ,  0.0000    ,  60.000    ,  0.0000    ,  0.0000    ,  0.0000    ,  0.0000    ,  0.0000    ,  190.00    ,  0.0000    ,  0.0000    ,  0.0000    ,  0.0000    ,  0.0000    ,  0.0000    ,  0.0000    ,  0.0000    
 264,   1,   1,  0.0000    ,  0.0000    ,  3864.0    ,  0.0000    ,  0.0000    ,  60.000    ,  0.0000    ,  0.0000    ,  0.0000    ,  0.0000    ,  0.0000    ,  190.00    ,  0.0000    ,  0.0000    ,  0.0000    ,  0.0000    ,  0.0000    ,  0.0000    ,  0.0000    ,  0.0000    
 265,   1,   1,  0.0000    ,  0.0000    ,  3864.0    ,  0.0000    ,  0.0000    ,  60.000    ,  0.0000    ,  0.0000    ,  0.0000    ,  0.0000    ,  0.0000    ,  190.00    ,  0.0000    ,  0.0000    ,  0.0000    ,  0.0000    ,  0.0000    ,  0.0000    ,  0.0000    ,  0.0000    
 266,   1,   1,  0.0000    ,  0.0000    ,  3864.0    ,  0.0000    ,  0.0000    ,  60.000    ,  0.0000    ,  0.0000    ,  0.0000    ,  0.0000    ,  0.0000    ,  190.00    ,  0.0000    ,  0.0000    ,  0.0000    ,  0.0000    ,  0.0000    ,  0.0000    ,  0.0000    ,  0.0000    
 267,   1,   1,  0.0000    ,  0.0000    ,  3864.0    ,  0.0000    ,  0.0000    ,  60.000    ,  0.0000    ,  0.0000    ,  0.0000    ,  0.0000    ,  0.0000    ,  190.00    ,  0.0000    ,  0.0000    ,  0.0000    ,  0.0000    ,  0.0000    ,  0.0000    ,  0.0000    ,  0.0000    
 268,   1,   1,  0.0000    ,  0.0000    ,  3864.0    ,  0.0000    ,  0.0000    ,  60.000    ,  0.0000    ,  0.0000    ,  0.0000    ,  0.0000    ,  0.0000    ,  190.00    ,  0.0000    ,  0.0000    ,  0.0000    ,  0.0000    ,  0.0000    ,  0.0000    ,  0.0000    ,  0.0000    
 269,   1,   1,  0.0000    ,  0.0000    ,  3864.0    ,  0.0000    ,  0.0000    ,  60.000    ,  0.0000    ,  0.0000    ,  0.0000    ,  0.0000    ,  0.0000    ,  190.00    ,  0.0000    ,  0.0000    ,  0.0000    ,  0.0000    ,  0.0000    ,  0.0000    ,  0.0000    ,  0.0000    
 270,   1,   1,  0.0000    ,  0.0000    ,  3864.0    ,  0.0000    ,  0.0000    ,  60.000    ,  0.0000    ,  0.0000    ,  0.0000    ,  0.0000    ,  0.0000    ,  190.00    ,  0.0000    ,  0.0000    ,  0.0000    ,  0.0000    ,  0.0000    ,  0.0000    ,  0.0000    ,  0.0000    
 271,   1,   1,  0.0000    ,  0.0000    ,  4216.0    ,  0.0000    ,  0.0000    ,  60.000    ,  0.0000    ,  0.0000    ,  0.0000    ,  0.0000    ,  0.0000    ,  290.00    ,  0.0000    ,  0.0000    ,  0.0000    ,  0.0000    ,  0.0000    ,  0.0000    ,  0.0000    ,  0.0000    
 272,   1,   1,  0.0000    ,  0.0000    ,  4216.0    ,  0.0000    ,  0.0000    ,  60.000    ,  0.0000    ,  0.0000    ,  0.0000    ,  0.0000    ,  0.0000    ,  290.00    ,  0.0000    ,  0.0000    ,  0.0000    ,  0.0000    ,  0.0000    ,  0.0000    ,  0.0000    ,  0.0000    
 273,   1,   1,  0.0000    ,  0.0000    ,  4216.0    ,  0.0000    ,  0.0000    ,  60.000    ,  0.0000    ,  0.0000    ,  0.0000    ,  0.0000    ,  0.0000    ,  290.00    ,  0.0000    ,  0.0000    ,  0.0000    ,  0.0000    ,  0.0000    ,  0.0000    ,  0.0000    ,  0.0000    
 274,   1,   1,  0.0000    ,  0.0000    ,  4216.0    ,  0.0000    ,  0.0000    ,  60.000    ,  0.0000    ,  0.0000    ,  0.0000    ,  0.0000    ,  0.0000    ,  290.00    ,  0.0000    ,  0.0000    ,  0.0000    ,  0.0000    ,  0.0000    ,  0.0000    ,  0.0000    ,  0.0000    
 275,   1,   1,  0.0000    ,  0.0000    ,  4216.0    ,  0.0000    ,  0.0000    ,  60.000    ,  0.0000    ,  0.0000    ,  0.0000    ,  0.0000    ,  0.0000    ,  290.00    ,  0.0000    ,  0.0000    ,  0.0000    ,  0.0000    ,  0.0000    ,  0.0000    ,  0.0000    ,  0.0000    
 276,   1,   1,  0.0000    ,  0.0000    ,  4216.0    ,  0.0000    ,  0.0000    ,  60.000    ,  0.0000    ,  0.0000    ,  0.0000    ,  0.0000    ,  0.0000    ,  290.00    ,  0.0000    ,  0.0000    ,  0.0000    ,  0.0000    ,  0.0000    ,  0.0000    ,  0.0000    ,  0.0000    
 277,   1,   1,  0.0000    ,  0.0000    ,  4216.0    ,  0.0000    ,  0.0000    ,  60.000    ,  0.0000    ,  0.0000    ,  0.0000    ,  0.0000    ,  0.0000    ,  290.00    ,  0.0000    ,  0.0000    ,  0.0000    ,  0.0000    ,  0.0000    ,  0.0000    ,  0.0000    ,  0.0000    
 278,   1,   1,  0.0000    ,  0.0000    ,  4216.0    ,  0.0000    ,  0.0000    ,  60.000    ,  0.0000    ,  0.0000    ,  0.0000    ,  0.0000    ,  0.0000    ,  290.00    ,  0.0000    ,  0.0000    ,  0.0000    ,  0.0000    ,  0.0000    ,  0.0000    ,  0.0000    ,  0.0000    
 279,   1,   1,  0.0000    ,  0.0000    ,  4216.0    ,  0.0000    ,  0.0000    ,  60.000    ,  0.0000    ,  0.0000    ,  0.0000    ,  0.0000    ,  0.0000    ,  290.00    ,  0.0000    ,  0.0000    ,  0.0000    ,  0.0000    ,  0.0000    ,  0.0000    ,  0.0000    ,  0.0000    
 280,   1,   1,  0.0000    ,  0.0000    ,  4216.0    ,  0.0000    ,  0.0000    ,  60.000    ,  0.0000    ,  0.0000    ,  0.0000    ,  0.0000    ,  0.0000    ,  290.00    ,  0.0000    ,  0.0000    ,  0.0000    ,  0.0000    ,  0.0000    ,  0.0000    ,  0.0000    ,  0.0000    
 281,   1,   1,  0.0000    ,  0.0000    ,  4216.0    ,  0.0000    ,  0.0000    ,  60.000    ,  0.0000    ,  0.0000    ,  0.0000    ,  0.0000    ,  0.0000    ,  290.00    ,  0.0000    ,  0.0000    ,  0.0000    ,  0.0000    ,  0.0000    ,  0.0000    ,  0.0000    ,  0.0000    
 282,   1,   1,  0.0000    ,  0.0000    ,  4216.0    ,  0.0000    ,  0.0000    ,  60.000    ,  0.0000    ,  0.0000    ,  0.0000    ,  0.0000    ,  0.0000    ,  290.00    ,  0.0000    ,  0.0000    ,  0.0000    ,  0.0000    ,  0.0000    ,  0.0000    ,  0.0000    ,  0.0000    
 283,   1,   1,  0.0000    ,  0.0000    ,  4586.0    ,  0.0000    ,  0.0000    ,  60.000    ,  0.0000    ,  0.0000    ,  0.0000    ,  0.0000    ,  0.0000    ,  290.00    ,  0.0000    ,  0.0000    ,  0.0000    ,  0.0000    ,  0.0000    ,  0.0000    ,  0.0000    ,  0.0000    
 284,   1,   1,  0.0000    ,  0.0000    ,  4586.0    ,  0.0000    ,  0.0000    ,  60.000    ,  0.0000    ,  0.0000    ,  0.0000    ,  0.0000    ,  0.0000    ,  290.00    ,  0.0000    ,  0.0000    ,  0.0000    ,  0.0000    ,  0.0000    ,  0.0000    ,  0.0000    ,  0.0000    
 285,   1,   1,  0.0000    ,  0.0000    ,  4586.0    ,  0.0000    ,  0.0000    ,  60.000    ,  0.0000    ,  0.0000    ,  0.0000    ,  0.0000    ,  0.0000    ,  290.00    ,  0.0000    ,  0.0000    ,  0.0000    ,  0.0000    ,  0.0000    ,  0.0000    ,  0.0000    ,  0.0000    
 286,   1,   1,  0.0000    ,  0.0000    ,  4586.0    ,  0.0000    ,  0.0000    ,  60.000    ,  0.0000    ,  0.0000    ,  0.0000    ,  0.0000    ,  0.0000    ,  290.00    ,  0.0000    ,  0.0000    ,  0.0000    ,  0.0000    ,  0.0000    ,  0.0000    ,  0.0000    ,  0.0000    
 287,   1,   1,  0.0000    ,  0.0000    ,  3864.0    ,  0.0000    ,  0.0000    ,  60.000    ,  0.0000    ,  0.0000    ,  0.0000    ,  0.0000    ,  0.0000    ,  190.00    ,  0.0000    ,  0.0000    ,  0.0000    ,  0.0000    ,  0.0000    ,  0.0000    ,  0.0000    ,  0.0000    
 288,   1,   1,  0.0000    ,  0.0000    ,  3864.0    ,  0.0000    ,  0.0000    ,  60.000    ,  0.0000    ,  0.0000    ,  0.0000    ,  0.0000    ,  0.0000    ,  190.00    ,  0.0000    ,  0.0000    ,  0.0000    ,  0.0000    ,  0.0000    ,  0.0000    ,  0.0000    ,  0.0000    
 289,   1,   1,  0.0000    ,  0.0000    ,  4299.0    ,  0.0000    ,  0.0000    ,  60.000    ,  0.0000    ,  0.0000    ,  0.0000    ,  0.0000    ,  0.0000    ,  190.00    ,  0.0000    ,  0.0000    ,  0.0000    ,  0.0000    ,  0.0000    ,  0.0000    ,  0.0000    ,  0.0000    
 290,   1,   1,  0.0000    ,  0.0000    ,  4299.0    ,  0.0000    ,  0.0000    ,  60.000    ,  0.0000    ,  0.0000    ,  0.0000    ,  0.0000    ,  0.0000    ,  190.00    ,  0.0000    ,  0.0000    ,  0.0000    ,  0.0000    ,  0.0000    ,  0.0000    ,  0.0000    ,  0.0000    
 291,   1,   1,  0.0000    ,  0.0000    ,  3864.0    ,  0.0000    ,  0.0000    ,  60.000    ,  0.0000    ,  0.0000    ,  0.0000    ,  0.0000    ,  0.0000    ,  190.00    ,  0.0000    ,  0.0000    ,  0.0000    ,  0.0000    ,  0.0000    ,  0.0000    ,  0.0000    ,  0.0000    
 292,   1,   1,  0.0000    ,  0.0000    ,  3864.0    ,  0.0000    ,  0.0000    ,  60.000    ,  0.0000    ,  0.0000    ,  0.0000    ,  0.0000    ,  0.0000    ,  190.00    ,  0.0000    ,  0.0000    ,  0.0000    ,  0.0000    ,  0.0000    ,  0.0000    ,  0.0000    ,  0.0000    
 293,   1,   1,  0.0000    ,  0.0000    ,  3864.0    ,  0.0000    ,  0.0000    ,  60.000    ,  0.0000    ,  0.0000    ,  0.0000    ,  0.0000    ,  0.0000    ,  190.00    ,  0.0000    ,  0.0000    ,  0.0000    ,  0.0000    ,  0.0000    ,  0.0000    ,  0.0000    ,  0.0000    
 294,   1,   1,  0.0000    ,  0.0000    ,  3864.0    ,  0.0000    ,  0.0000    ,  60.000    ,  0.0000    ,  0.0000    ,  0.0000    ,  0.0000    ,  0.0000    ,  190.00    ,  0.0000    ,  0.0000    ,  0.0000    ,  0.0000    ,  0.0000    ,  0.0000    ,  0.0000    ,  0.0000    
 295,   1,   1,  0.0000    ,  0.0000    ,  4216.0    ,  0.0000    ,  0.0000    ,  60.000    ,  0.0000    ,  0.0000    ,  0.0000    ,  0.0000    ,  0.0000    ,  290.00    ,  0.0000    ,  0.0000    ,  0.0000    ,  0.0000    ,  0.0000    ,  0.0000    ,  0.0000    ,  0.0000    
 296,   1,   1,  0.0000    ,  0.0000    ,  4216.0    ,  0.0000    ,  0.0000    ,  60.000    ,  0.0000    ,  0.0000    ,  0.0000    ,  0.0000    ,  0.0000    ,  290.00    ,  0.0000    ,  0.0000    ,  0.0000    ,  0.0000    ,  0.0000    ,  0.0000    ,  0.0000    ,  0.0000    
 297,   1,   1,  0.0000    ,  0.0000    ,  4216.0    ,  0.0000    ,  0.0000    ,  60.000    ,  0.0000    ,  0.0000    ,  0.0000    ,  0.0000    ,  0.0000    ,  290.00    ,  0.0000    ,  0.0000    ,  0.0000    ,  0.0000    ,  0.0000    ,  0.0000    ,  0.0000    ,  0.0000    
 298,   1,   1,  0.0000    ,  0.0000    ,  4573.0    ,  0.0000    ,  0.0000    ,  60.000    ,  0.0000    ,  0.0000    ,  0.0000    ,  0.0000    ,  0.0000    ,  290.00    ,  0.0000    ,  0.0000    ,  0.0000    ,  0.0000    ,  0.0000    ,  0.0000    ,  0.0000    ,  0.0000    
 299,   1,   1,  0.0000    ,  0.0000    ,  4573.0    ,  0.0000    ,  0.0000    ,  60.000    ,  0.0000    ,  0.0000    ,  0.0000    ,  0.0000    ,  0.0000    ,  290.00    ,  0.0000    ,  0.0000    ,  0.0000    ,  0.0000    ,  0.0000    ,  0.0000    ,  0.0000    ,  0.0000    
 300,   1,   1,  0.0000    ,  0.0000    ,  4573.0    ,  0.0000    ,  0.0000    ,  60.000    ,  0.0000    ,  0.0000    ,  0.0000    ,  0.0000    ,  0.0000    ,  290.00    ,  0.0000    ,  0.0000    ,  0.0000    ,  0.0000    ,  0.0000    ,  0.0000    ,  0.0000    ,  0.0000    
 301,   1,   1,  0.0000    ,  0.0000    ,  4216.0    ,  0.0000    ,  0.0000    ,  60.000    ,  0.0000    ,  0.0000    ,  0.0000    ,  0.0000    ,  0.0000    ,  290.00    ,  0.0000    ,  0.0000    ,  0.0000    ,  0.0000    ,  0.0000    ,  0.0000    ,  0.0000    ,  0.0000    
 302,   1,   1,  0.0000    ,  0.0000    ,  4216.0    ,  0.0000    ,  0.0000    ,  60.000    ,  0.0000    ,  0.0000    ,  0.0000    ,  0.0000    ,  0.0000    ,  290.00    ,  0.0000    ,  0.0000    ,  0.0000    ,  0.0000    ,  0.0000    ,  0.0000    ,  0.0000    ,  0.0000    
 303,   1,   1,  0.0000    ,  0.0000    ,  4216.0    ,  0.0000    ,  0.0000    ,  60.000    ,  0.0000    ,  0.0000    ,  0.0000    ,  0.0000    ,  0.0000    ,  290.00    ,  0.0000    ,  0.0000    ,  0.0000    ,  0.0000    ,  0.0000    ,  0.0000    ,  0.0000    ,  0.0000    
 304,   1,   1,  0.0000    ,  0.0000    ,  4216.0    ,  0.0000    ,  0.0000    ,  60.000    ,  0.0000    ,  0.0000    ,  0.0000    ,  0.0000    ,  0.0000    ,  290.00    ,  0.0000    ,  0.0000    ,  0.0000    ,  0.0000    ,  0.0000    ,  0.0000    ,  0.0000    ,  0.0000    
 305,   1,   1,  0.0000    ,  0.0000    ,  4216.0    ,  0.0000    ,  0.0000    ,  60.000    ,  0.0000    ,  0.0000    ,  0.0000    ,  0.0000    ,  0.0000    ,  290.00    ,  0.0000    ,  0.0000    ,  0.0000    ,  0.0000    ,  0.0000    ,  0.0000    ,  0.0000    ,  0.0000    
 306,   1,   1,  0.0000    ,  0.0000    ,  4573.0    ,  0.0000    ,  0.0000    ,  60.000    ,  0.0000    ,  0.0000    ,  0.0000    ,  0.0000    ,  0.0000    ,  290.00    ,  0.0000    ,  0.0000    ,  0.0000    ,  0.0000    ,  0.0000    ,  0.0000    ,  0.0000    ,  0.0000    
 307,   1,   1,  0.0000    ,  0.0000    ,  4966.0    ,  0.0000    ,  0.0000    ,  60.000    ,  0.0000    ,  0.0000    ,  0.0000    ,  0.0000    ,  0.0000    ,  290.00    ,  0.0000    ,  0.0000    ,  0.0000    ,  0.0000    ,  0.0000    ,  0.0000    ,  0.0000    ,  0.0000    
 308,   1,   1,  0.0000    ,  0.0000    ,  4966.0    ,  0.0000    ,  0.0000    ,  60.000    ,  0.0000    ,  0.0000    ,  0.0000    ,  0.0000    ,  0.0000    ,  290.00    ,  0.0000    ,  0.0000    ,  0.0000    ,  0.0000    ,  0.0000    ,  0.0000    ,  0.0000    ,  0.0000    
 309,   1,   1,  0.0000    ,  0.0000    ,  4966.0    ,  0.0000    ,  0.0000    ,  60.000    ,  0.0000    ,  0.0000    ,  0.0000    ,  0.0000    ,  0.0000    ,  290.00    ,  0.0000    ,  0.0000    ,  0.0000    ,  0.0000    ,  0.0000    ,  0.0000    ,  0.0000    ,  0.0000    
 310,   1,   1,  0.0000    ,  0.0000    ,  5312.0    ,  0.0000    ,  0.0000    ,  60.000    ,  0.0000    ,  0.0000    ,  0.0000    ,  0.0000    ,  0.0000    ,  290.00    ,  0.0000    ,  0.0000    ,  0.0000    ,  0.0000    ,  0.0000    ,  0.0000    ,  0.0000    ,  0.0000    
 311,   1,   1,  0.0000    ,  0.0000    ,  5446.0    ,  0.0000    ,  0.0000    ,  60.000    ,  0.0000    ,  0.0000    ,  0.0000    ,  0.0000    ,  0.0000    ,  190.00    ,  0.0000    ,  0.0000    ,  0.0000    ,  0.0000    ,  0.0000    ,  0.0000    ,  0.0000    ,  0.0000    
 312,   1,   1,  0.0000    ,  0.0000    ,  5446.0    ,  0.0000    ,  0.0000    ,  60.000    ,  0.0000    ,  0.0000    ,  0.0000    ,  0.0000    ,  0.0000    ,  190.00    ,  0.0000    ,  0.0000    ,  0.0000    ,  0.0000    ,  0.0000    ,  0.0000    ,  0.0000    ,  0.0000    
 313,   1,   1,  0.0000    ,  0.0000    ,  5446.0    ,  0.0000    ,  0.0000    ,  60.000    ,  0.0000    ,  0.0000    ,  0.0000    ,  0.0000    ,  0.0000    ,  190.00    ,  0.0000    ,  0.0000    ,  0.0000    ,  0.0000    ,  0.0000    ,  0.0000    ,  0.0000    ,  0.0000    
 314,   1,   1,  0.0000    ,  0.0000    ,  5083.0    ,  0.0000    ,  0.0000    ,  60.000    ,  0.0000    ,  0.0000    ,  0.0000    ,  0.0000    ,  0.0000    ,  190.00    ,  0.0000    ,  0.0000    ,  0.0000    ,  0.0000    ,  0.0000    ,  0.0000    ,  0.0000    ,  0.0000    
 315,   1,   1,  0.0000    ,  0.0000    ,  5083.0    ,  0.0000    ,  0.0000    ,  60.000    ,  0.0000    ,  0.0000    ,  0.0000    ,  0.0000    ,  0.0000    ,  190.00    ,  0.0000    ,  0.0000    ,  0.0000    ,  0.0000    ,  0.0000    ,  0.0000    ,  0.0000    ,  0.0000    
 316,   1,   1,  0.0000    ,  0.0000    ,  5083.0    ,  0.0000    ,  0.0000    ,  60.000    ,  0.0000    ,  0.0000    ,  0.0000    ,  0.0000    ,  0.0000    ,  190.00    ,  0.0000    ,  0.0000    ,  0.0000    ,  0.0000    ,  0.0000    ,  0.0000    ,  0.0000    ,  0.0000    
 317,   1,   1,  0.0000    ,  0.0000    ,  4734.0    ,  0.0000    ,  0.0000    ,  60.000    ,  0.0000    ,  0.0000    ,  0.0000    ,  0.0000    ,  0.0000    ,  190.00    ,  0.0000    ,  0.0000    ,  0.0000    ,  0.0000    ,  0.0000    ,  0.0000    ,  0.0000    ,  0.0000    
 318,   1,   1,  0.0000    ,  0.0000    ,  4734.0    ,  0.0000    ,  0.0000    ,  60.000    ,  0.0000    ,  0.0000    ,  0.0000    ,  0.0000    ,  0.0000    ,  190.00    ,  0.0000    ,  0.0000    ,  0.0000    ,  0.0000    ,  0.0000    ,  0.0000    ,  0.0000    ,  0.0000    
 319,   1,   1,  0.0000    ,  0.0000    ,  4880.0    ,  0.0000    ,  0.0000    ,  60.000    ,  0.0000    ,  0.0000    ,  0.0000    ,  0.0000    ,  0.0000    ,  290.00    ,  0.0000    ,  0.0000    ,  0.0000    ,  0.0000    ,  0.0000    ,  0.0000    ,  0.0000    ,  0.0000    
 320,   1,   1,  0.0000    ,  0.0000    ,  5339.0    ,  0.0000    ,  0.0000    ,  60.000    ,  0.0000    ,  0.0000    ,  0.0000    ,  0.0000    ,  0.0000    ,  290.00    ,  0.0000    ,  0.0000    ,  0.0000    ,  0.0000    ,  0.0000    ,  0.0000    ,  0.0000    ,  0.0000    
 321,   1,   1,  0.0000    ,  0.0000    ,  5339.0    ,  0.0000    ,  0.0000    ,  60.000    ,  0.0000    ,  0.0000    ,  0.0000    ,  0.0000    ,  0.0000    ,  290.00    ,  0.0000    ,  0.0000    ,  0.0000    ,  0.0000    ,  0.0000    ,  0.0000    ,  0.0000    ,  0.0000    
 322,   1,   1,  0.0000    ,  0.0000    ,  5339.0    ,  0.0000    ,  0.0000    ,  60.000    ,  0.0000    ,  0.0000    ,  0.0000    ,  0.0000    ,  0.0000    ,  290.00    ,  0.0000    ,  0.0000    ,  0.0000    ,  0.0000    ,  0.0000    ,  0.0000    ,  0.0000    ,  0.0000    
 323,   1,   1,  0.0000    ,  0.0000    ,  5339.0    ,  0.0000    ,  0.0000    ,  60.000    ,  0.0000    ,  0.0000    ,  0.0000    ,  0.0000    ,  0.0000    ,  290.00    ,  0.0000    ,  0.0000    ,  0.0000    ,  0.0000    ,  0.0000    ,  0.0000    ,  0.0000    ,  0.0000    
 324,   1,   1,  0.0000    ,  0.0000    ,  5339.0    ,  0.0000    ,  0.0000    ,  60.000    ,  0.0000    ,  0.0000    ,  0.0000    ,  0.0000    ,  0.0000    ,  290.00    ,  0.0000    ,  0.0000    ,  0.0000    ,  0.0000    ,  0.0000    ,  0.0000    ,  0.0000    ,  0.0000    
 325,   1,   1,  0.0000    ,  0.0000    ,  4880.0    ,  0.0000    ,  0.0000    ,  60.000    ,  0.0000    ,  0.0000    ,  0.0000    ,  0.0000    ,  0.0000    ,  290.00    ,  0.0000    ,  0.0000    ,  0.0000    ,  0.0000    ,  0.0000    ,  0.0000    ,  0.0000    ,  0.0000    
 326,   1,   1,  0.0000    ,  0.0000    ,  4880.0    ,  0.0000    ,  0.0000    ,  60.000    ,  0.0000    ,  0.0000    ,  0.0000    ,  0.0000    ,  0.0000    ,  290.00    ,  0.0000    ,  0.0000    ,  0.0000    ,  0.0000    ,  0.0000    ,  0.0000    ,  0.0000    ,  0.0000    
 327,   1,   1,  0.0000    ,  0.0000    ,  4880.0    ,  0.0000    ,  0.0000    ,  60.000    ,  0.0000    ,  0.0000    ,  0.0000    ,  0.0000    ,  0.0000    ,  290.00    ,  0.0000    ,  0.0000    ,  0.0000    ,  0.0000    ,  0.0000    ,  0.0000    ,  0.0000    ,  0.0000    
 328,   1,   1,  0.0000    ,  0.0000    ,  4880.0    ,  0.0000    ,  0.0000    ,  60.000    ,  0.0000    ,  0.0000    ,  0.0000    ,  0.0000    ,  0.0000    ,  290.00    ,  0.0000    ,  0.0000    ,  0.0000    ,  0.0000    ,  0.0000    ,  0.0000    ,  0.0000    ,  0.0000    
 329,   1,   1,  0.0000    ,  0.0000    ,  4880.0    ,  0.0000    ,  0.0000    ,  60.000    ,  0.0000    ,  0.0000    ,  0.0000    ,  0.0000    ,  0.0000    ,  290.00    ,  0.0000    ,  0.0000    ,  0.0000    ,  0.0000    ,  0.0000    ,  0.0000    ,  0.0000    ,  0.0000    
 330,   1,   1,  0.0000    ,  0.0000    ,  5339.0    ,  0.0000    ,  0.0000    ,  60.000    ,  0.0000    ,  0.0000    ,  0.0000    ,  0.0000    ,  0.0000    ,  290.00    ,  0.0000    ,  0.0000    ,  0.0000    ,  0.0000    ,  0.0000    ,  0.0000    ,  0.0000    ,  0.0000    
 331,   1,   1,  0.0000    ,  0.0000    ,  5693.0    ,  0.0000    ,  0.0000    ,  60.000    ,  0.0000    ,  0.0000    ,  0.0000    ,  0.0000    ,  0.0000    ,  290.00    ,  0.0000    ,  0.0000    ,  0.0000    ,  0.0000    ,  0.0000    ,  0.0000    ,  0.0000    ,  0.0000    
 332,   1,   1,  0.0000    ,  0.0000    ,  5693.0    ,  0.0000    ,  0.0000    ,  60.000    ,  0.0000    ,  0.0000    ,  0.0000    ,  0.0000    ,  0.0000    ,  290.00    ,  0.0000    ,  0.0000    ,  0.0000    ,  0.0000    ,  0.0000    ,  0.0000    ,  0.0000    ,  0.0000    
 333,   1,   1,  0.0000    ,  0.0000    ,  5693.0    ,  0.0000    ,  0.0000    ,  60.000    ,  0.0000    ,  0.0000    ,  0.0000    ,  0.0000    ,  0.0000    ,  290.00    ,  0.0000    ,  0.0000    ,  0.0000    ,  0.0000    ,  0.0000    ,  0.0000    ,  0.0000    ,  0.0000    
 334,   1,   1,  0.0000    ,  0.0000    ,  5693.0    ,  0.0000    ,  0.0000    ,  60.000    ,  0.0000    ,  0.0000    ,  0.0000    ,  0.0000    ,  0.0000    ,  290.00    ,  0.0000    ,  0.0000    ,  0.0000    ,  0.0000    ,  0.0000    ,  0.0000    ,  0.0000    ,  0.0000    
 335,   1,   1,  0.0000    ,  0.0000    ,  5446.0    ,  0.0000    ,  0.0000    ,  60.000    ,  0.0000    ,  0.0000    ,  0.0000    ,  0.0000    ,  0.0000    ,  190.00    ,  0.0000    ,  0.0000    ,  0.0000    ,  0.0000    ,  0.0000    ,  0.0000    ,  0.0000    ,  0.0000    
 336,   1,   1,  0.0000    ,  0.0000    ,  5446.0    ,  0.0000    ,  0.0000    ,  60.000    ,  0.0000    ,  0.0000    ,  0.0000    ,  0.0000    ,  0.0000    ,  190.00    ,  0.0000    ,  0.0000    ,  0.0000    ,  0.0000    ,  0.0000    ,  0.0000    ,  0.0000    ,  0.0000    
 337,   1,   1,  0.0000    ,  0.0000    ,  5446.0    ,  0.0000    ,  0.0000    ,  60.000    ,  0.0000    ,  0.0000    ,  0.0000    ,  0.0000    ,  0.0000    ,  190.00    ,  0.0000    ,  0.0000    ,  0.0000    ,  0.0000    ,  0.0000    ,  0.0000    ,  0.0000    ,  0.0000    
 338,   1,   1,  0.0000    ,  0.0000    ,  5083.0    ,  0.0000    ,  0.0000    ,  60.000    ,  0.0000    ,  0.0000    ,  0.0000    ,  0.0000    ,  0.0000    ,  190.00    ,  0.0000    ,  0.0000    ,  0.0000    ,  0.0000    ,  0.0000    ,  0.0000    ,  0.0000    ,  0.0000    
 339,   1,   1,  0.0000    ,  0.0000    ,  5083.0    ,  0.0000    ,  0.0000    ,  60.000    ,  0.0000    ,  0.0000    ,  0.0000    ,  0.0000    ,  0.0000    ,  190.00    ,  0.0000    ,  0.0000    ,  0.0000    ,  0.0000    ,  0.0000    ,  0.0000    ,  0.0000    ,  0.0000    
 340,   1,   1,  0.0000    ,  0.0000    ,  5083.0    ,  0.0000    ,  0.0000    ,  60.000    ,  0.0000    ,  0.0000    ,  0.0000    ,  0.0000    ,  0.0000    ,  190.00    ,  0.0000    ,  0.0000    ,  0.0000    ,  0.0000    ,  0.0000    ,  0.0000    ,  0.0000    ,  0.0000    
 341,   1,   1,  0.0000    ,  0.0000    ,  4734.0    ,  0.0000    ,  0.0000    ,  60.000    ,  0.0000    ,  0.0000    ,  0.0000    ,  0.0000    ,  0.0000    ,  190.00    ,  0.0000    ,  0.0000    ,  0.0000    ,  0.0000    ,  0.0000    ,  0.0000    ,  0.0000    ,  0.0000    
 342,   1,   1,  0.0000    ,  0.0000    ,  4299.0    ,  0.0000    ,  0.0000    ,  60.000    ,  0.0000    ,  0.0000    ,  0.0000    ,  0.0000    ,  0.0000    ,  190.00    ,  0.0000    ,  0.0000    ,  0.0000    ,  0.0000    ,  0.0000    ,  0.0000    ,  0.0000    ,  0.0000    
 343,   1,   1,  0.0000    ,  0.0000    ,  4880.0    ,  0.0000    ,  0.0000    ,  60.000    ,  0.0000    ,  0.0000    ,  0.0000    ,  0.0000    ,  0.0000    ,  190.00    ,  0.0000    ,  0.0000    ,  0.0000    ,  0.0000    ,  0.0000    ,  0.0000    ,  0.0000    ,  0.0000    
 344,   1,   1,  0.0000    ,  0.0000    ,  4880.0    ,  0.0000    ,  0.0000    ,  60.000    ,  0.0000    ,  0.0000    ,  0.0000    ,  0.0000    ,  0.0000    ,  190.00    ,  0.0000    ,  0.0000    ,  0.0000    ,  0.0000    ,  0.0000    ,  0.0000    ,  0.0000    ,  0.0000    
 345,   1,   1,  0.0000    ,  0.0000    ,  5339.0    ,  0.0000    ,  0.0000    ,  60.000    ,  0.0000    ,  0.0000    ,  0.0000    ,  0.0000    ,  0.0000    ,  190.00    ,  0.0000    ,  0.0000    ,  0.0000    ,  0.0000    ,  0.0000    ,  0.0000    ,  0.0000    ,  0.0000    
 346,   1,   1,  0.0000    ,  0.0000    ,  5339.0    ,  0.0000    ,  0.0000    ,  60.000    ,  0.0000    ,  0.0000    ,  0.0000    ,  0.0000    ,  0.0000    ,  190.00    ,  0.0000    ,  0.0000    ,  0.0000    ,  0.0000    ,  0.0000    ,  0.0000    ,  0.0000    ,  0.0000    
 347,   1,   1,  0.0000    ,  0.0000    ,  4880.0    ,  0.0000    ,  0.0000    ,  60.000    ,  0.0000    ,  0.0000    ,  0.0000    ,  0.0000    ,  0.0000    ,  190.00    ,  0.0000    ,  0.0000    ,  0.0000    ,  0.0000    ,  0.0000    ,  0.0000    ,  0.0000    ,  0.0000    
 348,   1,   1,  0.0000    ,  0.0000    ,  4880.0    ,  0.0000    ,  0.0000    ,  60.000    ,  0.0000    ,  0.0000    ,  0.0000    ,  0.0000    ,  0.0000    ,  190.00    ,  0.0000    ,  0.0000    ,  0.0000    ,  0.0000    ,  0.0000    ,  0.0000    ,  0.0000    ,  0.0000    
 349,   1,   1,  0.0000    ,  0.0000    ,  4880.0    ,  0.0000    ,  0.0000    ,  60.000    ,  0.0000    ,  0.0000    ,  0.0000    ,  0.0000    ,  0.0000    ,  190.00    ,  0.0000    ,  0.0000    ,  0.0000    ,  0.0000    ,  0.0000    ,  0.0000    ,  0.0000    ,  0.0000    
 350,   1,   1,  0.0000    ,  0.0000    ,  4573.0    ,  0.0000    ,  0.0000    ,  60.000    ,  0.0000    ,  0.0000    ,  0.0000    ,  0.0000    ,  0.0000    ,  190.00    ,  0.0000    ,  0.0000    ,  0.0000    ,  0.0000    ,  0.0000    ,  0.0000    ,  0.0000    ,  0.0000    
 351,   1,   1,  0.0000    ,  0.0000    ,  4573.0    ,  0.0000    ,  0.0000    ,  60.000    ,  0.0000    ,  0.0000    ,  0.0000    ,  0.0000    ,  0.0000    ,  190.00    ,  0.0000    ,  0.0000    ,  0.0000    ,  0.0000    ,  0.0000    ,  0.0000    ,  0.0000    ,  0.0000    
 352,   1,   1,  0.0000    ,  0.0000    ,  4880.0    ,  0.0000    ,  0.0000    ,  60.000    ,  0.0000    ,  0.0000    ,  0.0000    ,  0.0000    ,  0.0000    ,  190.00    ,  0.0000    ,  0.0000    ,  0.0000    ,  0.0000    ,  0.0000    ,  0.0000    ,  0.0000    ,  0.0000    
 353,   1,   1,  0.0000    ,  0.0000    ,  4880.0    ,  0.0000    ,  0.0000    ,  60.000    ,  0.0000    ,  0.0000    ,  0.0000    ,  0.0000    ,  0.0000    ,  190.00    ,  0.0000    ,  0.0000    ,  0.0000    ,  0.0000    ,  0.0000    ,  0.0000    ,  0.0000    ,  0.0000    
 354,   1,   1,  0.0000    ,  0.0000    ,  5339.0    ,  0.0000    ,  0.0000    ,  60.000    ,  0.0000    ,  0.0000    ,  0.0000    ,  0.0000    ,  0.0000    ,  190.00    ,  0.0000    ,  0.0000    ,  0.0000    ,  0.0000    ,  0.0000    ,  0.0000    ,  0.0000    ,  0.0000    
 355,   1,   1,  0.0000    ,  0.0000    ,  5312.0    ,  0.0000    ,  0.0000    ,  60.000    ,  0.0000    ,  0.0000    ,  0.0000    ,  0.0000    ,  0.0000    ,  190.00    ,  0.0000    ,  0.0000    ,  0.0000    ,  0.0000    ,  0.0000    ,  0.0000    ,  0.0000    ,  0.0000    
 356,   1,   1,  0.0000    ,  0.0000    ,  5312.0    ,  0.0000    ,  0.0000    ,  60.000    ,  0.0000    ,  0.0000    ,  0.0000    ,  0.0000    ,  0.0000    ,  190.00    ,  0.0000    ,  0.0000    ,  0.0000    ,  0.0000    ,  0.0000    ,  0.0000    ,  0.0000    ,  0.0000    
 357,   1,   1,  0.0000    ,  0.0000    ,  5312.0    ,  0.0000    ,  0.0000    ,  60.000    ,  0.0000    ,  0.0000    ,  0.0000    ,  0.0000    ,  0.0000    ,  190.00    ,  0.0000    ,  0.0000    ,  0.0000    ,  0.0000    ,  0.0000    ,  0.0000    ,  0.0000    ,  0.0000    
 358,   1,   1,  0.0000    ,  0.0000    ,  5693.0    ,  0.0000    ,  0.0000    ,  60.000    ,  0.0000    ,  0.0000    ,  0.0000    ,  0.0000    ,  0.0000    ,  190.00    ,  0.0000    ,  0.0000    ,  0.0000    ,  0.0000    ,  0.0000    ,  0.0000    ,  0.0000    ,  0.0000    
 359,   1,   1,  0.0000    ,  0.0000    ,  5446.0    ,  0.0000    ,  0.0000    ,  60.000    ,  0.0000    ,  0.0000    ,  0.0000    ,  0.0000    ,  0.0000    ,  190.00    ,  0.0000    ,  0.0000    ,  0.0000    ,  0.0000    ,  0.0000    ,  0.0000    ,  0.0000    ,  0.0000    
 360,   1,   1,  0.0000    ,  0.0000    ,  5083.0    ,  0.0000    ,  0.0000    ,  60.000    ,  0.0000    ,  0.0000    ,  0.0000    ,  0.0000    ,  0.0000    ,  190.00    ,  0.0000    ,  0.0000    ,  0.0000    ,  0.0000    ,  0.0000    ,  0.0000    ,  0.0000    ,  0.0000    
 361,   1,   1,  0.0000    ,  0.0000    ,  5083.0    ,  0.0000    ,  0.0000    ,  60.000    ,  0.0000    ,  0.0000    ,  0.0000    ,  0.0000    ,  0.0000    ,  190.00    ,  0.0000    ,  0.0000    ,  0.0000    ,  0.0000    ,  0.0000    ,  0.0000    ,  0.0000    ,  0.0000    
 362,   1,   1,  0.0000    ,  0.0000    ,  5083.0    ,  0.0000    ,  0.0000    ,  60.000    ,  0.0000    ,  0.0000    ,  0.0000    ,  0.0000    ,  0.0000    ,  190.00    ,  0.0000    ,  0.0000    ,  0.0000    ,  0.0000    ,  0.0000    ,  0.0000    ,  0.0000    ,  0.0000    
 363,   1,   1,  0.0000    ,  0.0000    ,  4734.0    ,  0.0000    ,  0.0000    ,  60.000    ,  0.0000    ,  0.0000    ,  0.0000    ,  0.0000    ,  0.0000    ,  190.00    ,  0.0000    ,  0.0000    ,  0.0000    ,  0.0000    ,  0.0000    ,  0.0000    ,  0.0000    ,  0.0000    
 364,   1,   1,  0.0000    ,  0.0000    ,  4734.0    ,  0.0000    ,  0.0000    ,  60.000    ,  0.0000    ,  0.0000    ,  0.0000    ,  0.0000    ,  0.0000    ,  190.00    ,  0.0000    ,  0.0000    ,  0.0000    ,  0.0000    ,  0.0000    ,  0.0000    ,  0.0000    ,  0.0000    
 365,   1,   1,  0.0000    ,  0.0000    ,  4299.0    ,  0.0000    ,  0.0000    ,  60.000    ,  0.0000    ,  0.0000    ,  0.0000    ,  0.0000    ,  0.0000    ,  190.00    ,  0.0000    ,  0.0000    ,  0.0000    ,  0.0000    ,  0.0000    ,  0.0000    ,  0.0000    ,  0.0000    
 366,   1,   1,  0.0000    ,  0.0000    ,  4299.0    ,  0.0000    ,  0.0000    ,  60.000    ,  0.0000    ,  0.0000    ,  0.0000    ,  0.0000    ,  0.0000    ,  190.00    ,  0.0000    ,  0.0000    ,  0.0000    ,  0.0000    ,  0.0000    ,  0.0000    ,  0.0000    ,  0.0000    
 367,   1,   1,  0.0000    ,  0.0000    ,  4880.0    ,  0.0000    ,  0.0000    ,  60.000    ,  0.0000    ,  0.0000    ,  0.0000    ,  0.0000    ,  0.0000    ,  290.00    ,  0.0000    ,  0.0000    ,  0.0000    ,  0.0000    ,  0.0000    ,  0.0000    ,  0.0000    ,  0.0000    
 368,   1,   1,  0.0000    ,  0.0000    ,  5339.0    ,  0.0000    ,  0.0000    ,  60.000    ,  0.0000    ,  0.0000    ,  0.0000    ,  0.0000    ,  0.0000    ,  290.00    ,  0.0000    ,  0.0000    ,  0.0000    ,  0.0000    ,  0.0000    ,  0.0000    ,  0.0000    ,  0.0000    
 369,   1,   1,  0.0000    ,  0.0000    ,  5339.0    ,  0.0000    ,  0.0000    ,  60.000    ,  0.0000    ,  0.0000    ,  0.0000    ,  0.0000    ,  0.0000    ,  290.00    ,  0.0000    ,  0.0000    ,  0.0000    ,  0.0000    ,  0.0000    ,  0.0000    ,  0.0000    ,  0.0000    
 370,   1,   1,  0.0000    ,  0.0000    ,  5339.0    ,  0.0000    ,  0.0000    ,  60.000    ,  0.0000    ,  0.0000    ,  0.0000    ,  0.0000    ,  0.0000    ,  290.00    ,  0.0000    ,  0.0000    ,  0.0000    ,  0.0000    ,  0.0000    ,  0.0000    ,  0.0000    ,  0.0000    
 371,   1,   1,  0.0000    ,  0.0000    ,  5339.0    ,  0.0000    ,  0.0000    ,  60.000    ,  0.0000    ,  0.0000    ,  0.0000    ,  0.0000    ,  0.0000    ,  290.00    ,  0.0000    ,  0.0000    ,  0.0000    ,  0.0000    ,  0.0000    ,  0.0000    ,  0.0000    ,  0.0000    
 372,   1,   1,  0.0000    ,  0.0000    ,  5339.0    ,  0.0000    ,  0.0000    ,  60.000    ,  0.0000    ,  0.0000    ,  0.0000    ,  0.0000    ,  0.0000    ,  290.00    ,  0.0000    ,  0.0000    ,  0.0000    ,  0.0000    ,  0.0000    ,  0.0000    ,  0.0000    ,  0.0000    
 373,   1,   1,  0.0000    ,  0.0000    ,  5339.0    ,  0.0000    ,  0.0000    ,  60.000    ,  0.0000    ,  0.0000    ,  0.0000    ,  0.0000    ,  0.0000    ,  290.00    ,  0.0000    ,  0.0000    ,  0.0000    ,  0.0000    ,  0.0000    ,  0.0000    ,  0.0000    ,  0.0000    
 374,   1,   1,  0.0000    ,  0.0000    ,  5339.0    ,  0.0000    ,  0.0000    ,  60.000    ,  0.0000    ,  0.0000    ,  0.0000    ,  0.0000    ,  0.0000    ,  290.00    ,  0.0000    ,  0.0000    ,  0.0000    ,  0.0000    ,  0.0000    ,  0.0000    ,  0.0000    ,  0.0000    
 375,   1,   1,  0.0000    ,  0.0000    ,  5339.0    ,  0.0000    ,  0.0000    ,  60.000    ,  0.0000    ,  0.0000    ,  0.0000    ,  0.0000    ,  0.0000    ,  290.00    ,  0.0000    ,  0.0000    ,  0.0000    ,  0.0000    ,  0.0000    ,  0.0000    ,  0.0000    ,  0.0000    
 376,   1,   1,  0.0000    ,  0.0000    ,  5339.0    ,  0.0000    ,  0.0000    ,  60.000    ,  0.0000    ,  0.0000    ,  0.0000    ,  0.0000    ,  0.0000    ,  290.00    ,  0.0000    ,  0.0000    ,  0.0000    ,  0.0000    ,  0.0000    ,  0.0000    ,  0.0000    ,  0.0000    
 377,   1,   1,  0.0000    ,  0.0000    ,  5339.0    ,  0.0000    ,  0.0000    ,  60.000    ,  0.0000    ,  0.0000    ,  0.0000    ,  0.0000    ,  0.0000    ,  290.00    ,  0.0000    ,  0.0000    ,  0.0000    ,  0.0000    ,  0.0000    ,  0.0000    ,  0.0000    ,  0.0000    
 378,   1,   1,  0.0000    ,  0.0000    ,  5339.0    ,  0.0000    ,  0.0000    ,  60.000    ,  0.0000    ,  0.0000    ,  0.0000    ,  0.0000    ,  0.0000    ,  290.00    ,  0.0000    ,  0.0000    ,  0.0000    ,  0.0000    ,  0.0000    ,  0.0000    ,  0.0000    ,  0.0000    
 379,   1,   1,  0.0000    ,  0.0000    ,  5693.0    ,  0.0000    ,  0.0000    ,  60.000    ,  0.0000    ,  0.0000    ,  0.0000    ,  0.0000    ,  0.0000    ,  290.00    ,  0.0000    ,  0.0000    ,  0.0000    ,  0.0000    ,  0.0000    ,  0.0000    ,  0.0000    ,  0.0000    
 380,   1,   1,  0.0000    ,  0.0000    ,  5693.0    ,  0.0000    ,  0.0000    ,  60.000    ,  0.0000    ,  0.0000    ,  0.0000    ,  0.0000    ,  0.0000    ,  290.00    ,  0.0000    ,  0.0000    ,  0.0000    ,  0.0000    ,  0.0000    ,  0.0000    ,  0.0000    ,  0.0000    
 381,   1,   1,  0.0000    ,  0.0000    ,  5693.0    ,  0.0000    ,  0.0000    ,  60.000    ,  0.0000    ,  0.0000    ,  0.0000    ,  0.0000    ,  0.0000    ,  290.00    ,  0.0000    ,  0.0000    ,  0.0000    ,  0.0000    ,  0.0000    ,  0.0000    ,  0.0000    ,  0.0000    
 382,   1,   1,  0.0000    ,  0.0000    ,  5693.0    ,  0.0000    ,  0.0000    ,  60.000    ,  0.0000    ,  0.0000    ,  0.0000    ,  0.0000    ,  0.0000    ,  290.00    ,  0.0000    ,  0.0000    ,  0.0000    ,  0.0000    ,  0.0000    ,  0.0000    ,  0.0000    ,  0.0000    
 383,   1,   1,  0.0000    ,  0.0000    ,  5446.0    ,  0.0000    ,  0.0000    ,  60.000    ,  0.0000    ,  0.0000    ,  0.0000    ,  0.0000    ,  0.0000    ,  190.00    ,  0.0000    ,  0.0000    ,  0.0000    ,  0.0000    ,  0.0000    ,  0.0000    ,  0.0000    ,  0.0000    
 384,   1,   1,  0.0000    ,  0.0000    ,  5446.0    ,  0.0000    ,  0.0000    ,  60.000    ,  0.0000    ,  0.0000    ,  0.0000    ,  0.0000    ,  0.0000    ,  190.00    ,  0.0000    ,  0.0000    ,  0.0000    ,  0.0000    ,  0.0000    ,  0.0000    ,  0.0000    ,  0.0000    
 385,   1,   1,  0.0000    ,  0.0000    ,  5446.0    ,  0.0000    ,  0.0000    ,  60.000    ,  0.0000    ,  0.0000    ,  0.0000    ,  0.0000    ,  0.0000    ,  190.00    ,  0.0000    ,  0.0000    ,  0.0000    ,  0.0000    ,  0.0000    ,  0.0000    ,  0.0000    ,  0.0000    
 386,   1,   1,  0.0000    ,  0.0000    ,  5446.0    ,  0.0000    ,  0.0000    ,  60.000    ,  0.0000    ,  0.0000    ,  0.0000    ,  0.0000    ,  0.0000    ,  190.00    ,  0.0000    ,  0.0000    ,  0.0000    ,  0.0000    ,  0.0000    ,  0.0000    ,  0.0000    ,  0.0000    
 387,   1,   1,  0.0000    ,  0.0000    ,  5446.0    ,  0.0000    ,  0.0000    ,  60.000    ,  0.0000    ,  0.0000    ,  0.0000    ,  0.0000    ,  0.0000    ,  190.00    ,  0.0000    ,  0.0000    ,  0.0000    ,  0.0000    ,  0.0000    ,  0.0000    ,  0.0000    ,  0.0000    
 388,   1,   1,  0.0000    ,  0.0000    ,  5446.0    ,  0.0000    ,  0.0000    ,  60.000    ,  0.0000    ,  0.0000    ,  0.0000    ,  0.0000    ,  0.0000    ,  190.00    ,  0.0000    ,  0.0000    ,  0.0000    ,  0.0000    ,  0.0000    ,  0.0000    ,  0.0000    ,  0.0000    
 389,   1,   1,  0.0000    ,  0.0000    ,  5446.0    ,  0.0000    ,  0.0000    ,  60.000    ,  0.0000    ,  0.0000    ,  0.0000    ,  0.0000    ,  0.0000    ,  190.00    ,  0.0000    ,  0.0000    ,  0.0000    ,  0.0000    ,  0.0000    ,  0.0000    ,  0.0000    ,  0.0000    
 390,   1,   1,  0.0000    ,  0.0000    ,  5083.0    ,  0.0000    ,  0.0000    ,  60.000    ,  0.0000    ,  0.0000    ,  0.0000    ,  0.0000    ,  0.0000    ,  190.00    ,  0.0000    ,  0.0000    ,  0.0000    ,  0.0000    ,  0.0000    ,  0.0000    ,  0.0000    ,  0.0000    
 391,   1,   1,  0.0000    ,  0.0000    ,  5291.0    ,  0.0000    ,  0.0000    ,  60.000    ,  0.0000    ,  0.0000    ,  0.0000    ,  0.0000    ,  0.0000    ,  290.00    ,  0.0000    ,  0.0000    ,  0.0000    ,  0.0000    ,  0.0000    ,  0.0000    ,  0.0000    ,  0.0000    
 392,   1,   1,  0.0000    ,  0.0000    ,  5291.0    ,  0.0000    ,  0.0000    ,  60.000    ,  0.0000    ,  0.0000    ,  0.0000    ,  0.0000    ,  0.0000    ,  290.00    ,  0.0000    ,  0.0000    ,  0.0000    ,  0.0000    ,  0.0000    ,  0.0000    ,  0.0000    ,  0.0000    
 393,   1,   1,  0.0000    ,  0.0000    ,  5291.0    ,  0.0000    ,  0.0000    ,  60.000    ,  0.0000    ,  0.0000    ,  0.0000    ,  0.0000    ,  0.0000    ,  290.00    ,  0.0000    ,  0.0000    ,  0.0000    ,  0.0000    ,  0.0000    ,  0.0000    ,  0.0000    ,  0.0000    
 394,   1,   1,  0.0000    ,  0.0000    ,  5291.0    ,  0.0000    ,  0.0000    ,  60.000    ,  0.0000    ,  0.0000    ,  0.0000    ,  0.0000    ,  0.0000    ,  290.00    ,  0.0000    ,  0.0000    ,  0.0000    ,  0.0000    ,  0.0000    ,  0.0000    ,  0.0000    ,  0.0000    
 395,   1,   1,  0.0000    ,  0.0000    ,  5291.0    ,  0.0000    ,  0.0000    ,  60.000    ,  0.0000    ,  0.0000    ,  0.0000    ,  0.0000    ,  0.0000    ,  290.00    ,  0.0000    ,  0.0000    ,  0.0000    ,  0.0000    ,  0.0000    ,  0.0000    ,  0.0000    ,  0.0000    
 396,   1,   1,  0.0000    ,  0.0000    ,  5291.0    ,  0.0000    ,  0.0000    ,  60.000    ,  0.0000    ,  0.0000    ,  0.0000    ,  0.0000    ,  0.0000    ,  290.00    ,  0.0000    ,  0.0000    ,  0.0000    ,  0.0000    ,  0.0000    ,  0.0000    ,  0.0000    ,  0.0000    
 397,   1,   1,  0.0000    ,  0.0000    ,  5291.0    ,  0.0000    ,  0.0000    ,  60.000    ,  0.0000    ,  0.0000    ,  0.0000    ,  0.0000    ,  0.0000    ,  290.00    ,  0.0000    ,  0.0000    ,  0.0000    ,  0.0000    ,  0.0000    ,  0.0000    ,  0.0000    ,  0.0000    
 398,   1,   1,  0.0000    ,  0.0000    ,  5291.0    ,  0.0000    ,  0.0000    ,  60.000    ,  0.0000    ,  0.0000    ,  0.0000    ,  0.0000    ,  0.0000    ,  290.00    ,  0.0000    ,  0.0000    ,  0.0000    ,  0.0000    ,  0.0000    ,  0.0000    ,  0.0000    ,  0.0000    
 399,   1,   1,  0.0000    ,  0.0000    ,  5291.0    ,  0.0000    ,  0.0000    ,  60.000    ,  0.0000    ,  0.0000    ,  0.0000    ,  0.0000    ,  0.0000    ,  290.00    ,  0.0000    ,  0.0000    ,  0.0000    ,  0.0000    ,  0.0000    ,  0.0000    ,  0.0000    ,  0.0000    
 400,   1,   1,  0.0000    ,  0.0000    ,  5291.0    ,  0.0000    ,  0.0000    ,  60.000    ,  0.0000    ,  0.0000    ,  0.0000    ,  0.0000    ,  0.0000    ,  290.00    ,  0.0000    ,  0.0000    ,  0.0000    ,  0.0000    ,  0.0000    ,  0.0000    ,  0.0000    ,  0.0000    
 401,   1,   1,  0.0000    ,  0.0000    ,  5291.0    ,  0.0000    ,  0.0000    ,  60.000    ,  0.0000    ,  0.0000    ,  0.0000    ,  0.0000    ,  0.0000    ,  290.00    ,  0.0000    ,  0.0000    ,  0.0000    ,  0.0000    ,  0.0000    ,  0.0000    ,  0.0000    ,  0.0000    
 402,   1,   1,  0.0000    ,  0.0000    ,  5291.0    ,  0.0000    ,  0.0000    ,  60.000    ,  0.0000    ,  0.0000    ,  0.0000    ,  0.0000    ,  0.0000    ,  290.00    ,  0.0000    ,  0.0000    ,  0.0000    ,  0.0000    ,  0.0000    ,  0.0000    ,  0.0000    ,  0.0000    
 403,   1,   1,  0.0000    ,  0.0000    ,  5683.0    ,  0.0000    ,  0.0000    ,  60.000    ,  0.0000    ,  0.0000    ,  0.0000    ,  0.0000    ,  0.0000    ,  290.00    ,  0.0000    ,  0.0000    ,  0.0000    ,  0.0000    ,  0.0000    ,  0.0000    ,  0.0000    ,  0.0000    
 404,   1,   1,  0.0000    ,  0.0000    ,  5683.0    ,  0.0000    ,  0.0000    ,  60.000    ,  0.0000    ,  0.0000    ,  0.0000    ,  0.0000    ,  0.0000    ,  290.00    ,  0.0000    ,  0.0000    ,  0.0000    ,  0.0000    ,  0.0000    ,  0.0000    ,  0.0000    ,  0.0000    
 405,   1,   1,  0.0000    ,  0.0000    ,  5683.0    ,  0.0000    ,  0.0000    ,  60.000    ,  0.0000    ,  0.0000    ,  0.0000    ,  0.0000    ,  0.0000    ,  290.00    ,  0.0000    ,  0.0000    ,  0.0000    ,  0.0000    ,  0.0000    ,  0.0000    ,  0.0000    ,  0.0000    
 406,   1,   1,  0.0000    ,  0.0000    ,  5683.0    ,  0.0000    ,  0.0000    ,  60.000    ,  0.0000    ,  0.0000    ,  0.0000    ,  0.0000    ,  0.0000    ,  290.00    ,  0.0000    ,  0.0000    ,  0.0000    ,  0.0000    ,  0.0000    ,  0.0000    ,  0.0000    ,  0.0000    
 407,   1,   1,  0.0000    ,  0.0000    ,  5446.0    ,  0.0000    ,  0.0000    ,  60.000    ,  0.0000    ,  0.0000    ,  0.0000    ,  0.0000    ,  0.0000    ,  190.00    ,  0.0000    ,  0.0000    ,  0.0000    ,  0.0000    ,  0.0000    ,  0.0000    ,  0.0000    ,  0.0000    
 408,   1,   1,  0.0000    ,  0.0000    ,  5446.0    ,  0.0000    ,  0.0000    ,  60.000    ,  0.0000    ,  0.0000    ,  0.0000    ,  0.0000    ,  0.0000    ,  190.00    ,  0.0000    ,  0.0000    ,  0.0000    ,  0.0000    ,  0.0000    ,  0.0000    ,  0.0000    ,  0.0000    
 409,   1,   1,  0.0000    ,  0.0000    ,  5446.0    ,  0.0000    ,  0.0000    ,  60.000    ,  0.0000    ,  0.0000    ,  0.0000    ,  0.0000    ,  0.0000    ,  190.00    ,  0.0000    ,  0.0000    ,  0.0000    ,  0.0000    ,  0.0000    ,  0.0000    ,  0.0000    ,  0.0000    
 410,   1,   1,  0.0000    ,  0.0000    ,  5446.0    ,  0.0000    ,  0.0000    ,  60.000    ,  0.0000    ,  0.0000    ,  0.0000    ,  0.0000    ,  0.0000    ,  190.00    ,  0.0000    ,  0.0000    ,  0.0000    ,  0.0000    ,  0.0000    ,  0.0000    ,  0.0000    ,  0.0000    
 411,   1,   1,  0.0000    ,  0.0000    ,  5446.0    ,  0.0000    ,  0.0000    ,  60.000    ,  0.0000    ,  0.0000    ,  0.0000    ,  0.0000    ,  0.0000    ,  190.00    ,  0.0000    ,  0.0000    ,  0.0000    ,  0.0000    ,  0.0000    ,  0.0000    ,  0.0000    ,  0.0000    
 412,   1,   1,  0.0000    ,  0.0000    ,  5446.0    ,  0.0000    ,  0.0000    ,  60.000    ,  0.0000    ,  0.0000    ,  0.0000    ,  0.0000    ,  0.0000    ,  190.00    ,  0.0000    ,  0.0000    ,  0.0000    ,  0.0000    ,  0.0000    ,  0.0000    ,  0.0000    ,  0.0000    
 413,   1,   1,  0.0000    ,  0.0000    ,  5083.0    ,  0.0000    ,  0.0000    ,  60.000    ,  0.0000    ,  0.0000    ,  0.0000    ,  0.0000    ,  0.0000    ,  190.00    ,  0.0000    ,  0.0000    ,  0.0000    ,  0.0000    ,  0.0000    ,  0.0000    ,  0.0000    ,  0.0000    
 414,   1,   1,  0.0000    ,  0.0000    ,  5083.0    ,  0.0000    ,  0.0000    ,  60.000    ,  0.0000    ,  0.0000    ,  0.0000    ,  0.0000    ,  0.0000    ,  190.00    ,  0.0000    ,  0.0000    ,  0.0000    ,  0.0000    ,  0.0000    ,  0.0000    ,  0.0000    ,  0.0000    
 415,   1,   1,  0.0000    ,  0.0000    ,  5005.0    ,  0.0000    ,  0.0000    ,  60.000    ,  0.0000    ,  0.0000    ,  0.0000    ,  0.0000    ,  0.0000    ,  290.00    ,  0.0000    ,  0.0000    ,  0.0000    ,  0.0000    ,  0.0000    ,  0.0000    ,  0.0000    ,  0.0000    
 416,   1,   1,  0.0000    ,  0.0000    ,  5005.0    ,  0.0000    ,  0.0000    ,  60.000    ,  0.0000    ,  0.0000    ,  0.0000    ,  0.0000    ,  0.0000    ,  290.00    ,  0.0000    ,  0.0000    ,  0.0000    ,  0.0000    ,  0.0000    ,  0.0000    ,  0.0000    ,  0.0000    
 417,   1,   1,  0.0000    ,  0.0000    ,  5005.0    ,  0.0000    ,  0.0000    ,  60.000    ,  0.0000    ,  0.0000    ,  0.0000    ,  0.0000    ,  0.0000    ,  290.00    ,  0.0000    ,  0.0000    ,  0.0000    ,  0.0000    ,  0.0000    ,  0.0000    ,  0.0000    ,  0.0000    
 418,   1,   1,  0.0000    ,  0.0000    ,  5005.0    ,  0.0000    ,  0.0000    ,  60.000    ,  0.0000    ,  0.0000    ,  0.0000    ,  0.0000    ,  0.0000    ,  290.00    ,  0.0000    ,  0.0000    ,  0.0000    ,  0.0000    ,  0.0000    ,  0.0000    ,  0.0000    ,  0.0000    
 419,   1,   1,  0.0000    ,  0.0000    ,  5005.0    ,  0.0000    ,  0.0000    ,  60.000    ,  0.0000    ,  0.0000    ,  0.0000    ,  0.0000    ,  0.0000    ,  290.00    ,  0.0000    ,  0.0000    ,  0.0000    ,  0.0000    ,  0.0000    ,  0.0000    ,  0.0000    ,  0.0000    
 420,   1,   1,  0.0000    ,  0.0000    ,  5005.0    ,  0.0000    ,  0.0000    ,  60.000    ,  0.0000    ,  0.0000    ,  0.0000    ,  0.0000    ,  0.0000    ,  290.00    ,  0.0000    ,  0.0000    ,  0.0000    ,  0.0000    ,  0.0000    ,  0.0000    ,  0.0000    ,  0.0000    
 421,   1,   1,  0.0000    ,  0.0000    ,  5005.0    ,  0.0000    ,  0.0000    ,  60.000    ,  0.0000    ,  0.0000    ,  0.0000    ,  0.0000    ,  0.0000    ,  290.00    ,  0.0000    ,  0.0000    ,  0.0000    ,  0.0000    ,  0.0000    ,  0.0000    ,  0.0000    ,  0.0000    
 422,   1,   1,  0.0000    ,  0.0000    ,  5005.0    ,  0.0000    ,  0.0000    ,  60.000    ,  0.0000    ,  0.0000    ,  0.0000    ,  0.0000    ,  0.0000    ,  290.00    ,  0.0000    ,  0.0000    ,  0.0000    ,  0.0000    ,  0.0000    ,  0.0000    ,  0.0000    ,  0.0000    
 423,   1,   1,  0.0000    ,  0.0000    ,  5005.0    ,  0.0000    ,  0.0000    ,  60.000    ,  0.0000    ,  0.0000    ,  0.0000    ,  0.0000    ,  0.0000    ,  290.00    ,  0.0000    ,  0.0000    ,  0.0000    ,  0.0000    ,  0.0000    ,  0.0000    ,  0.0000    ,  0.0000    
 424,   1,   1,  0.0000    ,  0.0000    ,  5005.0    ,  0.0000    ,  0.0000    ,  60.000    ,  0.0000    ,  0.0000    ,  0.0000    ,  0.0000    ,  0.0000    ,  290.00    ,  0.0000    ,  0.0000    ,  0.0000    ,  0.0000    ,  0.0000    ,  0.0000    ,  0.0000    ,  0.0000    
 425,   1,   1,  0.0000    ,  0.0000    ,  5005.0    ,  0.0000    ,  0.0000    ,  60.000    ,  0.0000    ,  0.0000    ,  0.0000    ,  0.0000    ,  0.0000    ,  290.00    ,  0.0000    ,  0.0000    ,  0.0000    ,  0.0000    ,  0.0000    ,  0.0000    ,  0.0000    ,  0.0000    
 426,   1,   1,  0.0000    ,  0.0000    ,  5005.0    ,  0.0000    ,  0.0000    ,  60.000    ,  0.0000    ,  0.0000    ,  0.0000    ,  0.0000    ,  0.0000    ,  290.00    ,  0.0000    ,  0.0000    ,  0.0000    ,  0.0000    ,  0.0000    ,  0.0000    ,  0.0000    ,  0.0000    
 427,   1,   1,  0.0000    ,  0.0000    ,  5295.0    ,  0.0000    ,  0.0000    ,  60.000    ,  0.0000    ,  0.0000    ,  0.0000    ,  0.0000    ,  0.0000    ,  290.00    ,  0.0000    ,  0.0000    ,  0.0000    ,  0.0000    ,  0.0000    ,  0.0000    ,  0.0000    ,  0.0000    
 428,   1,   1,  0.0000    ,  0.0000    ,  5295.0    ,  0.0000    ,  0.0000    ,  60.000    ,  0.0000    ,  0.0000    ,  0.0000    ,  0.0000    ,  0.0000    ,  290.00    ,  0.0000    ,  0.0000    ,  0.0000    ,  0.0000    ,  0.0000    ,  0.0000    ,  0.0000    ,  0.0000    
 429,   1,   1,  0.0000    ,  0.0000    ,  5295.0    ,  0.0000    ,  0.0000    ,  60.000    ,  0.0000    ,  0.0000    ,  0.0000    ,  0.0000    ,  0.0000    ,  290.00    ,  0.0000    ,  0.0000    ,  0.0000    ,  0.0000    ,  0.0000    ,  0.0000    ,  0.0000    ,  0.0000    
 430,   1,   1,  0.0000    ,  0.0000    ,  5295.0    ,  0.0000    ,  0.0000    ,  60.000    ,  0.0000    ,  0.0000    ,  0.0000    ,  0.0000    ,  0.0000    ,  290.00    ,  0.0000    ,  0.0000    ,  0.0000    ,  0.0000    ,  0.0000    ,  0.0000    ,  0.0000    ,  0.0000    
 431,   1,   1,  0.0000    ,  0.0000    ,  5446.0    ,  0.0000    ,  0.0000    ,  60.000    ,  0.0000    ,  0.0000    ,  0.0000    ,  0.0000    ,  0.0000    ,  190.00    ,  0.0000    ,  0.0000    ,  0.0000    ,  0.0000    ,  0.0000    ,  0.0000    ,  0.0000    ,  0.0000    
 432,   1,   1,  0.0000    ,  0.0000    ,  5446.0    ,  0.0000    ,  0.0000    ,  60.000    ,  0.0000    ,  0.0000    ,  0.0000    ,  0.0000    ,  0.0000    ,  190.00    ,  0.0000    ,  0.0000    ,  0.0000    ,  0.0000    ,  0.0000    ,  0.0000    ,  0.0000    ,  0.0000    
 433,   1,   1,  0.0000    ,  0.0000    ,  5446.0    ,  0.0000    ,  0.0000    ,  60.000    ,  0.0000    ,  0.0000    ,  0.0000    ,  0.0000    ,  0.0000    ,  190.00    ,  0.0000    ,  0.0000    ,  0.0000    ,  0.0000    ,  0.0000    ,  0.0000    ,  0.0000    ,  0.0000    
 434,   1,   1,  0.0000    ,  0.0000    ,  5446.0    ,  0.0000    ,  0.0000    ,  60.000    ,  0.0000    ,  0.0000    ,  0.0000    ,  0.0000    ,  0.0000    ,  190.00    ,  0.0000    ,  0.0000    ,  0.0000    ,  0.0000    ,  0.0000    ,  0.0000    ,  0.0000    ,  0.0000    
 435,   1,   1,  0.0000    ,  0.0000    ,  5446.0    ,  0.0000    ,  0.0000    ,  60.000    ,  0.0000    ,  0.0000    ,  0.0000    ,  0.0000    ,  0.0000    ,  190.00    ,  0.0000    ,  0.0000    ,  0.0000    ,  0.0000    ,  0.0000    ,  0.0000    ,  0.0000    ,  0.0000    
 436,   1,   1,  0.0000    ,  0.0000    ,  5446.0    ,  0.0000    ,  0.0000    ,  60.000    ,  0.0000    ,  0.0000    ,  0.0000    ,  0.0000    ,  0.0000    ,  190.00    ,  0.0000    ,  0.0000    ,  0.0000    ,  0.0000    ,  0.0000    ,  0.0000    ,  0.0000    ,  0.0000    
 437,   1,   1,  0.0000    ,  0.0000    ,  5446.0    ,  0.0000    ,  0.0000    ,  60.000    ,  0.0000    ,  0.0000    ,  0.0000    ,  0.0000    ,  0.0000    ,  190.00    ,  0.0000    ,  0.0000    ,  0.0000    ,  0.0000    ,  0.0000    ,  0.0000    ,  0.0000    ,  0.0000    
 438,   1,   1,  0.0000    ,  0.0000    ,  5083.0    ,  0.0000    ,  0.0000    ,  60.000    ,  0.0000    ,  0.0000    ,  0.0000    ,  0.0000    ,  0.0000    ,  190.00    ,  0.0000    ,  0.0000    ,  0.0000    ,  0.0000    ,  0.0000    ,  0.0000    ,  0.0000    ,  0.0000    
 439,   1,   1,  0.0000    ,  0.0000    ,  5339.0    ,  0.0000    ,  0.0000    ,  60.000    ,  0.0000    ,  0.0000    ,  0.0000    ,  0.0000    ,  0.0000    ,  290.00    ,  0.0000    ,  0.0000    ,  0.0000    ,  0.0000    ,  0.0000    ,  0.0000    ,  0.0000    ,  0.0000    
 440,   1,   1,  0.0000    ,  0.0000    ,  5339.0    ,  0.0000    ,  0.0000    ,  60.000    ,  0.0000    ,  0.0000    ,  0.0000    ,  0.0000    ,  0.0000    ,  290.00    ,  0.0000    ,  0.0000    ,  0.0000    ,  0.0000    ,  0.0000    ,  0.0000    ,  0.0000    ,  0.0000    
 441,   1,   1,  0.0000    ,  0.0000    ,  5339.0    ,  0.0000    ,  0.0000    ,  60.000    ,  0.0000    ,  0.0000    ,  0.0000    ,  0.0000    ,  0.0000    ,  290.00    ,  0.0000    ,  0.0000    ,  0.0000    ,  0.0000    ,  0.0000    ,  0.0000    ,  0.0000    ,  0.0000    
 442,   1,   1,  0.0000    ,  0.0000    ,  5339.0    ,  0.0000    ,  0.0000    ,  60.000    ,  0.0000    ,  0.0000    ,  0.0000    ,  0.0000    ,  0.0000    ,  290.00    ,  0.0000    ,  0.0000    ,  0.0000    ,  0.0000    ,  0.0000    ,  0.0000    ,  0.0000    ,  0.0000    
 443,   1,   1,  0.0000    ,  0.0000    ,  5339.0    ,  0.0000    ,  0.0000    ,  60.000    ,  0.0000    ,  0.0000    ,  0.0000    ,  0.0000    ,  0.0000    ,  290.00    ,  0.0000    ,  0.0000    ,  0.0000    ,  0.0000    ,  0.0000    ,  0.0000    ,  0.0000    ,  0.0000    
 444,   1,   1,  0.0000    ,  0.0000    ,  5339.0    ,  0.0000    ,  0.0000    ,  60.000    ,  0.0000    ,  0.0000    ,  0.0000    ,  0.0000    ,  0.0000    ,  290.00    ,  0.0000    ,  0.0000    ,  0.0000    ,  0.0000    ,  0.0000    ,  0.0000    ,  0.0000    ,  0.0000    
 445,   1,   1,  0.0000    ,  0.0000    ,  5339.0    ,  0.0000    ,  0.0000    ,  60.000    ,  0.0000    ,  0.0000    ,  0.0000    ,  0.0000    ,  0.0000    ,  290.00    ,  0.0000    ,  0.0000    ,  0.0000    ,  0.0000    ,  0.0000    ,  0.0000    ,  0.0000    ,  0.0000    
 446,   1,   1,  0.0000    ,  0.0000    ,  5339.0    ,  0.0000    ,  0.0000    ,  60.000    ,  0.0000    ,  0.0000    ,  0.0000    ,  0.0000    ,  0.0000    ,  290.00    ,  0.0000    ,  0.0000    ,  0.0000    ,  0.0000    ,  0.0000    ,  0.0000    ,  0.0000    ,  0.0000    
 447,   1,   1,  0.0000    ,  0.0000    ,  5339.0    ,  0.0000    ,  0.0000    ,  60.000    ,  0.0000    ,  0.0000    ,  0.0000    ,  0.0000    ,  0.0000    ,  290.00    ,  0.0000    ,  0.0000    ,  0.0000    ,  0.0000    ,  0.0000    ,  0.0000    ,  0.0000    ,  0.0000    
 448,   1,   1,  0.0000    ,  0.0000    ,  5339.0    ,  0.0000    ,  0.0000    ,  60.000    ,  0.0000    ,  0.0000    ,  0.0000    ,  0.0000    ,  0.0000    ,  290.00    ,  0.0000    ,  0.0000    ,  0.0000    ,  0.0000    ,  0.0000    ,  0.0000    ,  0.0000    ,  0.0000    
 449,   1,   1,  0.0000    ,  0.0000    ,  5339.0    ,  0.0000    ,  0.0000    ,  60.000    ,  0.0000    ,  0.0000    ,  0.0000    ,  0.0000    ,  0.0000    ,  290.00    ,  0.0000    ,  0.0000    ,  0.0000    ,  0.0000    ,  0.0000    ,  0.0000    ,  0.0000    ,  0.0000    
 450,   1,   1,  0.0000    ,  0.0000    ,  5339.0    ,  0.0000    ,  0.0000    ,  60.000    ,  0.0000    ,  0.0000    ,  0.0000    ,  0.0000    ,  0.0000    ,  290.00    ,  0.0000    ,  0.0000    ,  0.0000    ,  0.0000    ,  0.0000    ,  0.0000    ,  0.0000    ,  0.0000    
 451,   1,   1,  0.0000    ,  0.0000    ,  5693.0    ,  0.0000    ,  0.0000    ,  60.000    ,  0.0000    ,  0.0000    ,  0.0000    ,  0.0000    ,  0.0000    ,  290.00    ,  0.0000    ,  0.0000    ,  0.0000    ,  0.0000    ,  0.0000    ,  0.0000    ,  0.0000    ,  0.0000    
 452,   1,   1,  0.0000    ,  0.0000    ,  5693.0    ,  0.0000    ,  0.0000    ,  60.000    ,  0.0000    ,  0.0000    ,  0.0000    ,  0.0000    ,  0.0000    ,  290.00    ,  0.0000    ,  0.0000    ,  0.0000    ,  0.0000    ,  0.0000    ,  0.0000    ,  0.0000    ,  0.0000    
 453,   1,   1,  0.0000    ,  0.0000    ,  5693.0    ,  0.0000    ,  0.0000    ,  60.000    ,  0.0000    ,  0.0000    ,  0.0000    ,  0.0000    ,  0.0000    ,  290.00    ,  0.0000    ,  0.0000    ,  0.0000    ,  0.0000    ,  0.0000    ,  0.0000    ,  0.0000    ,  0.0000    
 454,   1,   1,  0.0000    ,  0.0000    ,  5693.0    ,  0.0000    ,  0.0000    ,  60.000    ,  0.0000    ,  0.0000    ,  0.0000    ,  0.0000    ,  0.0000    ,  290.00    ,  0.0000    ,  0.0000    ,  0.0000    ,  0.0000    ,  0.0000    ,  0.0000    ,  0.0000    ,  0.0000    
 455,   1,   1,  0.0000    ,  0.0000    ,  5083.0    ,  0.0000    ,  0.0000    ,  60.000    ,  0.0000    ,  0.0000    ,  0.0000    ,  0.0000    ,  0.0000    ,  190.00    ,  0.0000    ,  0.0000    ,  0.0000    ,  0.0000    ,  0.0000    ,  0.0000    ,  0.0000    ,  0.0000    
 456,   1,   1,  0.0000    ,  0.0000    ,  5083.0    ,  0.0000    ,  0.0000    ,  60.000    ,  0.0000    ,  0.0000    ,  0.0000    ,  0.0000    ,  0.0000    ,  190.00    ,  0.0000    ,  0.0000    ,  0.0000    ,  0.0000    ,  0.0000    ,  0.0000    ,  0.0000    ,  0.0000    
 457,   1,   1,  0.0000    ,  0.0000    ,  5446.0    ,  0.0000    ,  0.0000    ,  60.000    ,  0.0000    ,  0.0000    ,  0.0000    ,  0.0000    ,  0.0000    ,  190.00    ,  0.0000    ,  0.0000    ,  0.0000    ,  0.0000    ,  0.0000    ,  0.0000    ,  0.0000    ,  0.0000    
 458,   1,   1,  0.0000    ,  0.0000    ,  5446.0    ,  0.0000    ,  0.0000    ,  60.000    ,  0.0000    ,  0.0000    ,  0.0000    ,  0.0000    ,  0.0000    ,  190.00    ,  0.0000    ,  0.0000    ,  0.0000    ,  0.0000    ,  0.0000    ,  0.0000    ,  0.0000    ,  0.0000    
 459,   1,   1,  0.0000    ,  0.0000    ,  5083.0    ,  0.0000    ,  0.0000    ,  60.000    ,  0.0000    ,  0.0000    ,  0.0000    ,  0.0000    ,  0.0000    ,  190.00    ,  0.0000    ,  0.0000    ,  0.0000    ,  0.0000    ,  0.0000    ,  0.0000    ,  0.0000    ,  0.0000    
 460,   1,   1,  0.0000    ,  0.0000    ,  4734.0    ,  0.0000    ,  0.0000    ,  60.000    ,  0.0000    ,  0.0000    ,  0.0000    ,  0.0000    ,  0.0000    ,  190.00    ,  0.0000    ,  0.0000    ,  0.0000    ,  0.0000    ,  0.0000    ,  0.0000    ,  0.0000    ,  0.0000    
 461,   1,   1,  0.0000    ,  0.0000    ,  4299.0    ,  0.0000    ,  0.0000    ,  60.000    ,  0.0000    ,  0.0000    ,  0.0000    ,  0.0000    ,  0.0000    ,  190.00    ,  0.0000    ,  0.0000    ,  0.0000    ,  0.0000    ,  0.0000    ,  0.0000    ,  0.0000    ,  0.0000    
 462,   1,   1,  0.0000    ,  0.0000    ,  4299.0    ,  0.0000    ,  0.0000    ,  60.000    ,  0.0000    ,  0.0000    ,  0.0000    ,  0.0000    ,  0.0000    ,  190.00    ,  0.0000    ,  0.0000    ,  0.0000    ,  0.0000    ,  0.0000    ,  0.0000    ,  0.0000    ,  0.0000    
 463,   1,   1,  0.0000    ,  0.0000    ,  4573.0    ,  0.0000    ,  0.0000    ,  60.000    ,  0.0000    ,  0.0000    ,  0.0000    ,  0.0000    ,  0.0000    ,  290.00    ,  0.0000    ,  0.0000    ,  0.0000    ,  0.0000    ,  0.0000    ,  0.0000    ,  0.0000    ,  0.0000    
 464,   1,   1,  0.0000    ,  0.0000    ,  4573.0    ,  0.0000    ,  0.0000    ,  60.000    ,  0.0000    ,  0.0000    ,  0.0000    ,  0.0000    ,  0.0000    ,  290.00    ,  0.0000    ,  0.0000    ,  0.0000    ,  0.0000    ,  0.0000    ,  0.0000    ,  0.0000    ,  0.0000    
 465,   1,   1,  0.0000    ,  0.0000    ,  4880.0    ,  0.0000    ,  0.0000    ,  60.000    ,  0.0000    ,  0.0000    ,  0.0000    ,  0.0000    ,  0.0000    ,  290.00    ,  0.0000    ,  0.0000    ,  0.0000    ,  0.0000    ,  0.0000    ,  0.0000    ,  0.0000    ,  0.0000    
 466,   1,   1,  0.0000    ,  0.0000    ,  4880.0    ,  0.0000    ,  0.0000    ,  60.000    ,  0.0000    ,  0.0000    ,  0.0000    ,  0.0000    ,  0.0000    ,  290.00    ,  0.0000    ,  0.0000    ,  0.0000    ,  0.0000    ,  0.0000    ,  0.0000    ,  0.0000    ,  0.0000    
 467,   1,   1,  0.0000    ,  0.0000    ,  4880.0    ,  0.0000    ,  0.0000    ,  60.000    ,  0.0000    ,  0.0000    ,  0.0000    ,  0.0000    ,  0.0000    ,  290.00    ,  0.0000    ,  0.0000    ,  0.0000    ,  0.0000    ,  0.0000    ,  0.0000    ,  0.0000    ,  0.0000    
 468,   1,   1,  0.0000    ,  0.0000    ,  4573.0    ,  0.0000    ,  0.0000    ,  60.000    ,  0.0000    ,  0.0000    ,  0.0000    ,  0.0000    ,  0.0000    ,  290.00    ,  0.0000    ,  0.0000    ,  0.0000    ,  0.0000    ,  0.0000    ,  0.0000    ,  0.0000    ,  0.0000    
 469,   1,   1,  0.0000    ,  0.0000    ,  4573.0    ,  0.0000    ,  0.0000    ,  60.000    ,  0.0000    ,  0.0000    ,  0.0000    ,  0.0000    ,  0.0000    ,  290.00    ,  0.0000    ,  0.0000    ,  0.0000    ,  0.0000    ,  0.0000    ,  0.0000    ,  0.0000    ,  0.0000    
 470,   1,   1,  0.0000    ,  0.0000    ,  4573.0    ,  0.0000    ,  0.0000    ,  60.000    ,  0.0000    ,  0.0000    ,  0.0000    ,  0.0000    ,  0.0000    ,  290.00    ,  0.0000    ,  0.0000    ,  0.0000    ,  0.0000    ,  0.0000    ,  0.0000    ,  0.0000    ,  0.0000    
 471,   1,   1,  0.0000    ,  0.0000    ,  4573.0    ,  0.0000    ,  0.0000    ,  60.000    ,  0.0000    ,  0.0000    ,  0.0000    ,  0.0000    ,  0.0000    ,  290.00    ,  0.0000    ,  0.0000    ,  0.0000    ,  0.0000    ,  0.0000    ,  0.0000    ,  0.0000    ,  0.0000    
 472,   1,   1,  0.0000    ,  0.0000    ,  4573.0    ,  0.0000    ,  0.0000    ,  60.000    ,  0.0000    ,  0.0000    ,  0.0000    ,  0.0000    ,  0.0000    ,  290.00    ,  0.0000    ,  0.0000    ,  0.0000    ,  0.0000    ,  0.0000    ,  0.0000    ,  0.0000    ,  0.0000    
 473,   1,   1,  0.0000    ,  0.0000    ,  4573.0    ,  0.0000    ,  0.0000    ,  60.000    ,  0.0000    ,  0.0000    ,  0.0000    ,  0.0000    ,  0.0000    ,  290.00    ,  0.0000    ,  0.0000    ,  0.0000    ,  0.0000    ,  0.0000    ,  0.0000    ,  0.0000    ,  0.0000    
 474,   1,   1,  0.0000    ,  0.0000    ,  4880.0    ,  0.0000    ,  0.0000    ,  60.000    ,  0.0000    ,  0.0000    ,  0.0000    ,  0.0000    ,  0.0000    ,  290.00    ,  0.0000    ,  0.0000    ,  0.0000    ,  0.0000    ,  0.0000    ,  0.0000    ,  0.0000    ,  0.0000    
 475,   1,   1,  0.0000    ,  0.0000    ,  4966.0    ,  0.0000    ,  0.0000    ,  60.000    ,  0.0000    ,  0.0000    ,  0.0000    ,  0.0000    ,  0.0000    ,  290.00    ,  0.0000    ,  0.0000    ,  0.0000    ,  0.0000    ,  0.0000    ,  0.0000    ,  0.0000    ,  0.0000    
 476,   1,   1,  0.0000    ,  0.0000    ,  5312.0    ,  0.0000    ,  0.0000    ,  60.000    ,  0.0000    ,  0.0000    ,  0.0000    ,  0.0000    ,  0.0000    ,  290.00    ,  0.0000    ,  0.0000    ,  0.0000    ,  0.0000    ,  0.0000    ,  0.0000    ,  0.0000    ,  0.0000    
 477,   1,   1,  0.0000    ,  0.0000    ,  5312.0    ,  0.0000    ,  0.0000    ,  60.000    ,  0.0000    ,  0.0000    ,  0.0000    ,  0.0000    ,  0.0000    ,  290.00    ,  0.0000    ,  0.0000    ,  0.0000    ,  0.0000    ,  0.0000    ,  0.0000    ,  0.0000    ,  0.0000    
 478,   1,   1,  0.0000    ,  0.0000    ,  5312.0    ,  0.0000    ,  0.0000    ,  60.000    ,  0.0000    ,  0.0000    ,  0.0000    ,  0.0000    ,  0.0000    ,  290.00    ,  0.0000    ,  0.0000    ,  0.0000    ,  0.0000    ,  0.0000    ,  0.0000    ,  0.0000    ,  0.0000    
 479,   1,   1,  0.0000    ,  0.0000    ,  5083.0    ,  0.0000    ,  0.0000    ,  60.000    ,  0.0000    ,  0.0000    ,  0.0000    ,  0.0000    ,  0.0000    ,  190.00    ,  0.0000    ,  0.0000    ,  0.0000    ,  0.0000    ,  0.0000    ,  0.0000    ,  0.0000    ,  0.0000    
 480,   1,   1,  0.0000    ,  0.0000    ,  5083.0    ,  0.0000    ,  0.0000    ,  60.000    ,  0.0000    ,  0.0000    ,  0.0000    ,  0.0000    ,  0.0000    ,  190.00    ,  0.0000    ,  0.0000    ,  0.0000    ,  0.0000    ,  0.0000    ,  0.0000    ,  0.0000    ,  0.0000    
 481,   1,   1,  0.0000    ,  0.0000    ,  5083.0    ,  0.0000    ,  0.0000    ,  60.000    ,  0.0000    ,  0.0000    ,  0.0000    ,  0.0000    ,  0.0000    ,  190.00    ,  0.0000    ,  0.0000    ,  0.0000    ,  0.0000    ,  0.0000    ,  0.0000    ,  0.0000    ,  0.0000    
 482,   1,   1,  0.0000    ,  0.0000    ,  5083.0    ,  0.0000    ,  0.0000    ,  60.000    ,  0.0000    ,  0.0000    ,  0.0000    ,  0.0000    ,  0.0000    ,  190.00    ,  0.0000    ,  0.0000    ,  0.0000    ,  0.0000    ,  0.0000    ,  0.0000    ,  0.0000    ,  0.0000    
 483,   1,   1,  0.0000    ,  0.0000    ,  4734.0    ,  0.0000    ,  0.0000    ,  60.000    ,  0.0000    ,  0.0000    ,  0.0000    ,  0.0000    ,  0.0000    ,  190.00    ,  0.0000    ,  0.0000    ,  0.0000    ,  0.0000    ,  0.0000    ,  0.0000    ,  0.0000    ,  0.0000    
 484,   1,   1,  0.0000    ,  0.0000    ,  4734.0    ,  0.0000    ,  0.0000    ,  60.000    ,  0.0000    ,  0.0000    ,  0.0000    ,  0.0000    ,  0.0000    ,  190.00    ,  0.0000    ,  0.0000    ,  0.0000    ,  0.0000    ,  0.0000    ,  0.0000    ,  0.0000    ,  0.0000    
 485,   1,   1,  0.0000    ,  0.0000    ,  4734.0    ,  0.0000    ,  0.0000    ,  60.000    ,  0.0000    ,  0.0000    ,  0.0000    ,  0.0000    ,  0.0000    ,  190.00    ,  0.0000    ,  0.0000    ,  0.0000    ,  0.0000    ,  0.0000    ,  0.0000    ,  0.0000    ,  0.0000    
 486,   1,   1,  0.0000    ,  0.0000    ,  4734.0    ,  0.0000    ,  0.0000    ,  60.000    ,  0.0000    ,  0.0000    ,  0.0000    ,  0.0000    ,  0.0000    ,  190.00    ,  0.0000    ,  0.0000    ,  0.0000    ,  0.0000    ,  0.0000    ,  0.0000    ,  0.0000    ,  0.0000    
 487,   1,   1,  0.0000    ,  0.0000    ,  5339.0    ,  0.0000    ,  0.0000    ,  60.000    ,  0.0000    ,  0.0000    ,  0.0000    ,  0.0000    ,  0.0000    ,  290.00    ,  0.0000    ,  0.0000    ,  0.0000    ,  0.0000    ,  0.0000    ,  0.0000    ,  0.0000    ,  0.0000    
 488,   1,   1,  0.0000    ,  0.0000    ,  5339.0    ,  0.0000    ,  0.0000    ,  60.000    ,  0.0000    ,  0.0000    ,  0.0000    ,  0.0000    ,  0.0000    ,  290.00    ,  0.0000    ,  0.0000    ,  0.0000    ,  0.0000    ,  0.0000    ,  0.0000    ,  0.0000    ,  0.0000    
 489,   1,   1,  0.0000    ,  0.0000    ,  5339.0    ,  0.0000    ,  0.0000    ,  60.000    ,  0.0000    ,  0.0000    ,  0.0000    ,  0.0000    ,  0.0000    ,  290.00    ,  0.0000    ,  0.0000    ,  0.0000    ,  0.0000    ,  0.0000    ,  0.0000    ,  0.0000    ,  0.0000    
 490,   1,   1,  0.0000    ,  0.0000    ,  5339.0    ,  0.0000    ,  0.0000    ,  60.000    ,  0.0000    ,  0.0000    ,  0.0000    ,  0.0000    ,  0.0000    ,  290.00    ,  0.0000    ,  0.0000    ,  0.0000    ,  0.0000    ,  0.0000    ,  0.0000    ,  0.0000    ,  0.0000    
 491,   1,   1,  0.0000    ,  0.0000    ,  5339.0    ,  0.0000    ,  0.0000    ,  60.000    ,  0.0000    ,  0.0000    ,  0.0000    ,  0.0000    ,  0.0000    ,  290.00    ,  0.0000    ,  0.0000    ,  0.0000    ,  0.0000    ,  0.0000    ,  0.0000    ,  0.0000    ,  0.0000    
 492,   1,   1,  0.0000    ,  0.0000    ,  5339.0    ,  0.0000    ,  0.0000    ,  60.000    ,  0.0000    ,  0.0000    ,  0.0000    ,  0.0000    ,  0.0000    ,  290.00    ,  0.0000    ,  0.0000    ,  0.0000    ,  0.0000    ,  0.0000    ,  0.0000    ,  0.0000    ,  0.0000    
 493,   1,   1,  0.0000    ,  0.0000    ,  5339.0    ,  0.0000    ,  0.0000    ,  60.000    ,  0.0000    ,  0.0000    ,  0.0000    ,  0.0000    ,  0.0000    ,  290.00    ,  0.0000    ,  0.0000    ,  0.0000    ,  0.0000    ,  0.0000    ,  0.0000    ,  0.0000    ,  0.0000    
 494,   1,   1,  0.0000    ,  0.0000    ,  4880.0    ,  0.0000    ,  0.0000    ,  60.000    ,  0.0000    ,  0.0000    ,  0.0000    ,  0.0000    ,  0.0000    ,  290.00    ,  0.0000    ,  0.0000    ,  0.0000    ,  0.0000    ,  0.0000    ,  0.0000    ,  0.0000    ,  0.0000    
 495,   1,   1,  0.0000    ,  0.0000    ,  4573.0    ,  0.0000    ,  0.0000    ,  60.000    ,  0.0000    ,  0.0000    ,  0.0000    ,  0.0000    ,  0.0000    ,  290.00    ,  0.0000    ,  0.0000    ,  0.0000    ,  0.0000    ,  0.0000    ,  0.0000    ,  0.0000    ,  0.0000    
 496,   1,   1,  0.0000    ,  0.0000    ,  4880.0    ,  0.0000    ,  0.0000    ,  60.000    ,  0.0000    ,  0.0000    ,  0.0000    ,  0.0000    ,  0.0000    ,  290.00    ,  0.0000    ,  0.0000    ,  0.0000    ,  0.0000    ,  0.0000    ,  0.0000    ,  0.0000    ,  0.0000    
 497,   1,   1,  0.0000    ,  0.0000    ,  4880.0    ,  0.0000    ,  0.0000    ,  60.000    ,  0.0000    ,  0.0000    ,  0.0000    ,  0.0000    ,  0.0000    ,  290.00    ,  0.0000    ,  0.0000    ,  0.0000    ,  0.0000    ,  0.0000    ,  0.0000    ,  0.0000    ,  0.0000    
 498,   1,   1,  0.0000    ,  0.0000    ,  5339.0    ,  0.0000    ,  0.0000    ,  60.000    ,  0.0000    ,  0.0000    ,  0.0000    ,  0.0000    ,  0.0000    ,  290.00    ,  0.0000    ,  0.0000    ,  0.0000    ,  0.0000    ,  0.0000    ,  0.0000    ,  0.0000    ,  0.0000    
 499,   1,   1,  0.0000    ,  0.0000    ,  5312.0    ,  0.0000    ,  0.0000    ,  60.000    ,  0.0000    ,  0.0000    ,  0.0000    ,  0.0000    ,  0.0000    ,  290.00    ,  0.0000    ,  0.0000    ,  0.0000    ,  0.0000    ,  0.0000    ,  0.0000    ,  0.0000    ,  0.0000    
 500,   1,   1,  0.0000    ,  0.0000    ,  5312.0    ,  0.0000    ,  0.0000    ,  60.000    ,  0.0000    ,  0.0000    ,  0.0000    ,  0.0000    ,  0.0000    ,  290.00    ,  0.0000    ,  0.0000    ,  0.0000    ,  0.0000    ,  0.0000    ,  0.0000    ,  0.0000    ,  0.0000    
 501,   1,   1,  0.0000    ,  0.0000    ,  5312.0    ,  0.0000    ,  0.0000    ,  60.000    ,  0.0000    ,  0.0000    ,  0.0000    ,  0.0000    ,  0.0000    ,  290.00    ,  0.0000    ,  0.0000    ,  0.0000    ,  0.0000    ,  0.0000    ,  0.0000    ,  0.0000    ,  0.0000    
 502,   1,   1,  0.0000    ,  0.0000    ,  5312.0    ,  0.0000    ,  0.0000    ,  60.000    ,  0.0000    ,  0.0000    ,  0.0000    ,  0.0000    ,  0.0000    ,  290.00    ,  0.0000    ,  0.0000    ,  0.0000    ,  0.0000    ,  0.0000    ,  0.0000    ,  0.0000    ,  0.0000    
 503,   1,   1,  0.0000    ,  0.0000    ,  5446.0    ,  0.0000    ,  0.0000    ,  60.000    ,  0.0000    ,  0.0000    ,  0.0000    ,  0.0000    ,  0.0000    ,  190.00    ,  0.0000    ,  0.0000    ,  0.0000    ,  0.0000    ,  0.0000    ,  0.0000    ,  0.0000    ,  0.0000    
 504,   1,   1,  0.0000    ,  0.0000    ,  5083.0    ,  0.0000    ,  0.0000    ,  60.000    ,  0.0000    ,  0.0000    ,  0.0000    ,  0.0000    ,  0.0000    ,  190.00    ,  0.0000    ,  0.0000    ,  0.0000    ,  0.0000    ,  0.0000    ,  0.0000    ,  0.0000    ,  0.0000    
 505,   1,   1,  0.0000    ,  0.0000    ,  5083.0    ,  0.0000    ,  0.0000    ,  60.000    ,  0.0000    ,  0.0000    ,  0.0000    ,  0.0000    ,  0.0000    ,  190.00    ,  0.0000    ,  0.0000    ,  0.0000    ,  0.0000    ,  0.0000    ,  0.0000    ,  0.0000    ,  0.0000    
 506,   1,   1,  0.0000    ,  0.0000    ,  4734.0    ,  0.0000    ,  0.0000    ,  60.000    ,  0.0000    ,  0.0000    ,  0.0000    ,  0.0000    ,  0.0000    ,  190.00    ,  0.0000    ,  0.0000    ,  0.0000    ,  0.0000    ,  0.0000    ,  0.0000    ,  0.0000    ,  0.0000    
 507,   1,   1,  0.0000    ,  0.0000    ,  4734.0    ,  0.0000    ,  0.0000    ,  60.000    ,  0.0000    ,  0.0000    ,  0.0000    ,  0.0000    ,  0.0000    ,  190.00    ,  0.0000    ,  0.0000    ,  0.0000    ,  0.0000    ,  0.0000    ,  0.0000    ,  0.0000    ,  0.0000    
 508,   1,   1,  0.0000    ,  0.0000    ,  4299.0    ,  0.0000    ,  0.0000    ,  60.000    ,  0.0000    ,  0.0000    ,  0.0000    ,  0.0000    ,  0.0000    ,  190.00    ,  0.0000    ,  0.0000    ,  0.0000    ,  0.0000    ,  0.0000    ,  0.0000    ,  0.0000    ,  0.0000    
 509,   1,   1,  0.0000    ,  0.0000    ,  4299.0    ,  0.0000    ,  0.0000    ,  60.000    ,  0.0000    ,  0.0000    ,  0.0000    ,  0.0000    ,  0.0000    ,  190.00    ,  0.0000    ,  0.0000    ,  0.0000    ,  0.0000    ,  0.0000    ,  0.0000    ,  0.0000    ,  0.0000    
 510,   1,   1,  0.0000    ,  0.0000    ,  3864.0    ,  0.0000    ,  0.0000    ,  60.000    ,  0.0000    ,  0.0000    ,  0.0000    ,  0.0000    ,  0.0000    ,  190.00    ,  0.0000    ,  0.0000    ,  0.0000    ,  0.0000    ,  0.0000    ,  0.0000    ,  0.0000    ,  0.0000    
 511,   1,   1,  0.0000    ,  0.0000    ,  4573.0    ,  0.0000    ,  0.0000    ,  60.000    ,  0.0000    ,  0.0000    ,  0.0000    ,  0.0000    ,  0.0000    ,  190.00    ,  0.0000    ,  0.0000    ,  0.0000    ,  0.0000    ,  0.0000    ,  0.0000    ,  0.0000    ,  0.0000    
 512,   1,   1,  0.0000    ,  0.0000    ,  4573.0    ,  0.0000    ,  0.0000    ,  60.000    ,  0.0000    ,  0.0000    ,  0.0000    ,  0.0000    ,  0.0000    ,  190.00    ,  0.0000    ,  0.0000    ,  0.0000    ,  0.0000    ,  0.0000    ,  0.0000    ,  0.0000    ,  0.0000    
 513,   1,   1,  0.0000    ,  0.0000    ,  4880.0    ,  0.0000    ,  0.0000    ,  60.000    ,  0.0000    ,  0.0000    ,  0.0000    ,  0.0000    ,  0.0000    ,  190.00    ,  0.0000    ,  0.0000    ,  0.0000    ,  0.0000    ,  0.0000    ,  0.0000    ,  0.0000    ,  0.0000    
 514,   1,   1,  0.0000    ,  0.0000    ,  4880.0    ,  0.0000    ,  0.0000    ,  60.000    ,  0.0000    ,  0.0000    ,  0.0000    ,  0.0000    ,  0.0000    ,  190.00    ,  0.0000    ,  0.0000    ,  0.0000    ,  0.0000    ,  0.0000    ,  0.0000    ,  0.0000    ,  0.0000    
 515,   1,   1,  0.0000    ,  0.0000    ,  4573.0    ,  0.0000    ,  0.0000    ,  60.000    ,  0.0000    ,  0.0000    ,  0.0000    ,  0.0000    ,  0.0000    ,  190.00    ,  0.0000    ,  0.0000    ,  0.0000    ,  0.0000    ,  0.0000    ,  0.0000    ,  0.0000    ,  0.0000    
 516,   1,   1,  0.0000    ,  0.0000    ,  4216.0    ,  0.0000    ,  0.0000    ,  60.000    ,  0.0000    ,  0.0000    ,  0.0000    ,  0.0000    ,  0.0000    ,  190.00    ,  0.0000    ,  0.0000    ,  0.0000    ,  0.0000    ,  0.0000    ,  0.0000    ,  0.0000    ,  0.0000    
 517,   1,   1,  0.0000    ,  0.0000    ,  4216.0    ,  0.0000    ,  0.0000    ,  60.000    ,  0.0000    ,  0.0000    ,  0.0000    ,  0.0000    ,  0.0000    ,  190.00    ,  0.0000    ,  0.0000    ,  0.0000    ,  0.0000    ,  0.0000    ,  0.0000    ,  0.0000    ,  0.0000    
 518,   1,   1,  0.0000    ,  0.0000    ,  4216.0    ,  0.0000    ,  0.0000    ,  60.000    ,  0.0000    ,  0.0000    ,  0.0000    ,  0.0000    ,  0.0000    ,  190.00    ,  0.0000    ,  0.0000    ,  0.0000    ,  0.0000    ,  0.0000    ,  0.0000    ,  0.0000    ,  0.0000    
 519,   1,   1,  0.0000    ,  0.0000    ,  4216.0    ,  0.0000    ,  0.0000    ,  60.000    ,  0.0000    ,  0.0000    ,  0.0000    ,  0.0000    ,  0.0000    ,  190.00    ,  0.0000    ,  0.0000    ,  0.0000    ,  0.0000    ,  0.0000    ,  0.0000    ,  0.0000    ,  0.0000    
 520,   1,   1,  0.0000    ,  0.0000    ,  4216.0    ,  0.0000    ,  0.0000    ,  60.000    ,  0.0000    ,  0.0000    ,  0.0000    ,  0.0000    ,  0.0000    ,  190.00    ,  0.0000    ,  0.0000    ,  0.0000    ,  0.0000    ,  0.0000    ,  0.0000    ,  0.0000    ,  0.0000    
 521,   1,   1,  0.0000    ,  0.0000    ,  4216.0    ,  0.0000    ,  0.0000    ,  60.000    ,  0.0000    ,  0.0000    ,  0.0000    ,  0.0000    ,  0.0000    ,  190.00    ,  0.0000    ,  0.0000    ,  0.0000    ,  0.0000    ,  0.0000    ,  0.0000    ,  0.0000    ,  0.0000    
 522,   1,   1,  0.0000    ,  0.0000    ,  4573.0    ,  0.0000    ,  0.0000    ,  60.000    ,  0.0000    ,  0.0000    ,  0.0000    ,  0.0000    ,  0.0000    ,  190.00    ,  0.0000    ,  0.0000    ,  0.0000    ,  0.0000    ,  0.0000    ,  0.0000    ,  0.0000    ,  0.0000    
 523,   1,   1,  0.0000    ,  0.0000    ,  4586.0    ,  0.0000    ,  0.0000    ,  60.000    ,  0.0000    ,  0.0000    ,  0.0000    ,  0.0000    ,  0.0000    ,  190.00    ,  0.0000    ,  0.0000    ,  0.0000    ,  0.0000    ,  0.0000    ,  0.0000    ,  0.0000    ,  0.0000    
 524,   1,   1,  0.0000    ,  0.0000    ,  4586.0    ,  0.0000    ,  0.0000    ,  60.000    ,  0.0000    ,  0.0000    ,  0.0000    ,  0.0000    ,  0.0000    ,  190.00    ,  0.0000    ,  0.0000    ,  0.0000    ,  0.0000    ,  0.0000    ,  0.0000    ,  0.0000    ,  0.0000    
 525,   1,   1,  0.0000    ,  0.0000    ,  4966.0    ,  0.0000    ,  0.0000    ,  60.000    ,  0.0000    ,  0.0000    ,  0.0000    ,  0.0000    ,  0.0000    ,  190.00    ,  0.0000    ,  0.0000    ,  0.0000    ,  0.0000    ,  0.0000    ,  0.0000    ,  0.0000    ,  0.0000    
 526,   1,   1,  0.0000    ,  0.0000    ,  4966.0    ,  0.0000    ,  0.0000    ,  60.000    ,  0.0000    ,  0.0000    ,  0.0000    ,  0.0000    ,  0.0000    ,  190.00    ,  0.0000    ,  0.0000    ,  0.0000    ,  0.0000    ,  0.0000    ,  0.0000    ,  0.0000    ,  0.0000    
 527,   1,   1,  0.0000    ,  0.0000    ,  4734.0    ,  0.0000    ,  0.0000    ,  60.000    ,  0.0000    ,  0.0000    ,  0.0000    ,  0.0000    ,  0.0000    ,  190.00    ,  0.0000    ,  0.0000    ,  0.0000    ,  0.0000    ,  0.0000    ,  0.0000    ,  0.0000    ,  0.0000    
 528,   1,   1,  0.0000    ,  0.0000    ,  4734.0    ,  0.0000    ,  0.0000    ,  60.000    ,  0.0000    ,  0.0000    ,  0.0000    ,  0.0000    ,  0.0000    ,  190.00    ,  0.0000    ,  0.0000    ,  0.0000    ,  0.0000    ,  0.0000    ,  0.0000    ,  0.0000    ,  0.0000    
 529,   1,   1,  0.0000    ,  0.0000    ,  4734.0    ,  0.0000    ,  0.0000    ,  60.000    ,  0.0000    ,  0.0000    ,  0.0000    ,  0.0000    ,  0.0000    ,  190.00    ,  0.0000    ,  0.0000    ,  0.0000    ,  0.0000    ,  0.0000    ,  0.0000    ,  0.0000    ,  0.0000    
 530,   1,   1,  0.0000    ,  0.0000    ,  4734.0    ,  0.0000    ,  0.0000    ,  60.000    ,  0.0000    ,  0.0000    ,  0.0000    ,  0.0000    ,  0.0000    ,  190.00    ,  0.0000    ,  0.0000    ,  0.0000    ,  0.0000    ,  0.0000    ,  0.0000    ,  0.0000    ,  0.0000    
 531,   1,   1,  0.0000    ,  0.0000    ,  4734.0    ,  0.0000    ,  0.0000    ,  60.000    ,  0.0000    ,  0.0000    ,  0.0000    ,  0.0000    ,  0.0000    ,  190.00    ,  0.0000    ,  0.0000    ,  0.0000    ,  0.0000    ,  0.0000    ,  0.0000    ,  0.0000    ,  0.0000    
 532,   1,   1,  0.0000    ,  0.0000    ,  4299.0    ,  0.0000    ,  0.0000    ,  60.000    ,  0.0000    ,  0.0000    ,  0.0000    ,  0.0000    ,  0.0000    ,  190.00    ,  0.0000    ,  0.0000    ,  0.0000    ,  0.0000    ,  0.0000    ,  0.0000    ,  0.0000    ,  0.0000    
 533,   1,   1,  0.0000    ,  0.0000    ,  4299.0    ,  0.0000    ,  0.0000    ,  60.000    ,  0.0000    ,  0.0000    ,  0.0000    ,  0.0000    ,  0.0000    ,  190.00    ,  0.0000    ,  0.0000    ,  0.0000    ,  0.0000    ,  0.0000    ,  0.0000    ,  0.0000    ,  0.0000    
 534,   1,   1,  0.0000    ,  0.0000    ,  3864.0    ,  0.0000    ,  0.0000    ,  60.000    ,  0.0000    ,  0.0000    ,  0.0000    ,  0.0000    ,  0.0000    ,  190.00    ,  0.0000    ,  0.0000    ,  0.0000    ,  0.0000    ,  0.0000    ,  0.0000    ,  0.0000    ,  0.0000    
 535,   1,   1,  0.0000    ,  0.0000    ,  4573.0    ,  0.0000    ,  0.0000    ,  60.000    ,  0.0000    ,  0.0000    ,  0.0000    ,  0.0000    ,  0.0000    ,  290.00    ,  0.0000    ,  0.0000    ,  0.0000    ,  0.0000    ,  0.0000    ,  0.0000    ,  0.0000    ,  0.0000    
 536,   1,   1,  0.0000    ,  0.0000    ,  4880.0    ,  0.0000    ,  0.0000    ,  60.000    ,  0.0000    ,  0.0000    ,  0.0000    ,  0.0000    ,  0.0000    ,  290.00    ,  0.0000    ,  0.0000    ,  0.0000    ,  0.0000    ,  0.0000    ,  0.0000    ,  0.0000    ,  0.0000    
 537,   1,   1,  0.0000    ,  0.0000    ,  4880.0    ,  0.0000    ,  0.0000    ,  60.000    ,  0.0000    ,  0.0000    ,  0.0000    ,  0.0000    ,  0.0000    ,  290.00    ,  0.0000    ,  0.0000    ,  0.0000    ,  0.0000    ,  0.0000    ,  0.0000    ,  0.0000    ,  0.0000    
 538,   1,   1,  0.0000    ,  0.0000    ,  4880.0    ,  0.0000    ,  0.0000    ,  60.000    ,  0.0000    ,  0.0000    ,  0.0000    ,  0.0000    ,  0.0000    ,  290.00    ,  0.0000    ,  0.0000    ,  0.0000    ,  0.0000    ,  0.0000    ,  0.0000    ,  0.0000    ,  0.0000    
 539,   1,   1,  0.0000    ,  0.0000    ,  4880.0    ,  0.0000    ,  0.0000    ,  60.000    ,  0.0000    ,  0.0000    ,  0.0000    ,  0.0000    ,  0.0000    ,  290.00    ,  0.0000    ,  0.0000    ,  0.0000    ,  0.0000    ,  0.0000    ,  0.0000    ,  0.0000    ,  0.0000    
 540,   1,   1,  0.0000    ,  0.0000    ,  4880.0    ,  0.0000    ,  0.0000    ,  60.000    ,  0.0000    ,  0.0000    ,  0.0000    ,  0.0000    ,  0.0000    ,  290.00    ,  0.0000    ,  0.0000    ,  0.0000    ,  0.0000    ,  0.0000    ,  0.0000    ,  0.0000    ,  0.0000    
 541,   1,   1,  0.0000    ,  0.0000    ,  4573.0    ,  0.0000    ,  0.0000    ,  60.000    ,  0.0000    ,  0.0000    ,  0.0000    ,  0.0000    ,  0.0000    ,  290.00    ,  0.0000    ,  0.0000    ,  0.0000    ,  0.0000    ,  0.0000    ,  0.0000    ,  0.0000    ,  0.0000    
 542,   1,   1,  0.0000    ,  0.0000    ,  4880.0    ,  0.0000    ,  0.0000    ,  60.000    ,  0.0000    ,  0.0000    ,  0.0000    ,  0.0000    ,  0.0000    ,  290.00    ,  0.0000    ,  0.0000    ,  0.0000    ,  0.0000    ,  0.0000    ,  0.0000    ,  0.0000    ,  0.0000    
 543,   1,   1,  0.0000    ,  0.0000    ,  4880.0    ,  0.0000    ,  0.0000    ,  60.000    ,  0.0000    ,  0.0000    ,  0.0000    ,  0.0000    ,  0.0000    ,  290.00    ,  0.0000    ,  0.0000    ,  0.0000    ,  0.0000    ,  0.0000    ,  0.0000    ,  0.0000    ,  0.0000    
 544,   1,   1,  0.0000    ,  0.0000    ,  4880.0    ,  0.0000    ,  0.0000    ,  60.000    ,  0.0000    ,  0.0000    ,  0.0000    ,  0.0000    ,  0.0000    ,  290.00    ,  0.0000    ,  0.0000    ,  0.0000    ,  0.0000    ,  0.0000    ,  0.0000    ,  0.0000    ,  0.0000    
 545,   1,   1,  0.0000    ,  0.0000    ,  4880.0    ,  0.0000    ,  0.0000    ,  60.000    ,  0.0000    ,  0.0000    ,  0.0000    ,  0.0000    ,  0.0000    ,  290.00    ,  0.0000    ,  0.0000    ,  0.0000    ,  0.0000    ,  0.0000    ,  0.0000    ,  0.0000    ,  0.0000    
 546,   1,   1,  0.0000    ,  0.0000    ,  5339.0    ,  0.0000    ,  0.0000    ,  60.000    ,  0.0000    ,  0.0000    ,  0.0000    ,  0.0000    ,  0.0000    ,  290.00    ,  0.0000    ,  0.0000    ,  0.0000    ,  0.0000    ,  0.0000    ,  0.0000    ,  0.0000    ,  0.0000    
 547,   1,   1,  0.0000    ,  0.0000    ,  5312.0    ,  0.0000    ,  0.0000    ,  60.000    ,  0.0000    ,  0.0000    ,  0.0000    ,  0.0000    ,  0.0000    ,  290.00    ,  0.0000    ,  0.0000    ,  0.0000    ,  0.0000    ,  0.0000    ,  0.0000    ,  0.0000    ,  0.0000    
 548,   1,   1,  0.0000    ,  0.0000    ,  5312.0    ,  0.0000    ,  0.0000    ,  60.000    ,  0.0000    ,  0.0000    ,  0.0000    ,  0.0000    ,  0.0000    ,  290.00    ,  0.0000    ,  0.0000    ,  0.0000    ,  0.0000    ,  0.0000    ,  0.0000    ,  0.0000    ,  0.0000    
 549,   1,   1,  0.0000    ,  0.0000    ,  5312.0    ,  0.0000    ,  0.0000    ,  60.000    ,  0.0000    ,  0.0000    ,  0.0000    ,  0.0000    ,  0.0000    ,  290.00    ,  0.0000    ,  0.0000    ,  0.0000    ,  0.0000    ,  0.0000    ,  0.0000    ,  0.0000    ,  0.0000    
 550,   1,   1,  0.0000    ,  0.0000    ,  5693.0    ,  0.0000    ,  0.0000    ,  60.000    ,  0.0000    ,  0.0000    ,  0.0000    ,  0.0000    ,  0.0000    ,  290.00    ,  0.0000    ,  0.0000    ,  0.0000    ,  0.0000    ,  0.0000    ,  0.0000    ,  0.0000    ,  0.0000    
 551,   1,   1,  0.0000    ,  0.0000    ,  5446.0    ,  0.0000    ,  0.0000    ,  60.000    ,  0.0000    ,  0.0000    ,  0.0000    ,  0.0000    ,  0.0000    ,  190.00    ,  0.0000    ,  0.0000    ,  0.0000    ,  0.0000    ,  0.0000    ,  0.0000    ,  0.0000    ,  0.0000    
 552,   1,   1,  0.0000    ,  0.0000    ,  5446.0    ,  0.0000    ,  0.0000    ,  60.000    ,  0.0000    ,  0.0000    ,  0.0000    ,  0.0000    ,  0.0000    ,  190.00    ,  0.0000    ,  0.0000    ,  0.0000    ,  0.0000    ,  0.0000    ,  0.0000    ,  0.0000    ,  0.0000    
 553,   1,   1,  0.0000    ,  0.0000    ,  5083.0    ,  0.0000    ,  0.0000    ,  60.000    ,  0.0000    ,  0.0000    ,  0.0000    ,  0.0000    ,  0.0000    ,  190.00    ,  0.0000    ,  0.0000    ,  0.0000    ,  0.0000    ,  0.0000    ,  0.0000    ,  0.0000    ,  0.0000    
 554,   1,   1,  0.0000    ,  0.0000    ,  5083.0    ,  0.0000    ,  0.0000    ,  60.000    ,  0.0000    ,  0.0000    ,  0.0000    ,  0.0000    ,  0.0000    ,  190.00    ,  0.0000    ,  0.0000    ,  0.0000    ,  0.0000    ,  0.0000    ,  0.0000    ,  0.0000    ,  0.0000    
 555,   1,   1,  0.0000    ,  0.0000    ,  5083.0    ,  0.0000    ,  0.0000    ,  60.000    ,  0.0000    ,  0.0000    ,  0.0000    ,  0.0000    ,  0.0000    ,  190.00    ,  0.0000    ,  0.0000    ,  0.0000    ,  0.0000    ,  0.0000    ,  0.0000    ,  0.0000    ,  0.0000    
 556,   1,   1,  0.0000    ,  0.0000    ,  4734.0    ,  0.0000    ,  0.0000    ,  60.000    ,  0.0000    ,  0.0000    ,  0.0000    ,  0.0000    ,  0.0000    ,  190.00    ,  0.0000    ,  0.0000    ,  0.0000    ,  0.0000    ,  0.0000    ,  0.0000    ,  0.0000    ,  0.0000    
 557,   1,   1,  0.0000    ,  0.0000    ,  4299.0    ,  0.0000    ,  0.0000    ,  60.000    ,  0.0000    ,  0.0000    ,  0.0000    ,  0.0000    ,  0.0000    ,  190.00    ,  0.0000    ,  0.0000    ,  0.0000    ,  0.0000    ,  0.0000    ,  0.0000    ,  0.0000    ,  0.0000    
 558,   1,   1,  0.0000    ,  0.0000    ,  4299.0    ,  0.0000    ,  0.0000    ,  60.000    ,  0.0000    ,  0.0000    ,  0.0000    ,  0.0000    ,  0.0000    ,  190.00    ,  0.0000    ,  0.0000    ,  0.0000    ,  0.0000    ,  0.0000    ,  0.0000    ,  0.0000    ,  0.0000    
 559,   1,   1,  0.0000    ,  0.0000    ,  4704.0    ,  0.0000    ,  0.0000    ,  60.000    ,  0.0000    ,  0.0000    ,  0.0000    ,  0.0000    ,  0.0000    ,  290.00    ,  0.0000    ,  0.0000    ,  0.0000    ,  0.0000    ,  0.0000    ,  0.0000    ,  0.0000    ,  0.0000    
 560,   1,   1,  0.0000    ,  0.0000    ,  5291.0    ,  0.0000    ,  0.0000    ,  60.000    ,  0.0000    ,  0.0000    ,  0.0000    ,  0.0000    ,  0.0000    ,  290.00    ,  0.0000    ,  0.0000    ,  0.0000    ,  0.0000    ,  0.0000    ,  0.0000    ,  0.0000    ,  0.0000    
 561,   1,   1,  0.0000    ,  0.0000    ,  5291.0    ,  0.0000    ,  0.0000    ,  60.000    ,  0.0000    ,  0.0000    ,  0.0000    ,  0.0000    ,  0.0000    ,  290.00    ,  0.0000    ,  0.0000    ,  0.0000    ,  0.0000    ,  0.0000    ,  0.0000    ,  0.0000    ,  0.0000    
 562,   1,   1,  0.0000    ,  0.0000    ,  5291.0    ,  0.0000    ,  0.0000    ,  60.000    ,  0.0000    ,  0.0000    ,  0.0000    ,  0.0000    ,  0.0000    ,  290.00    ,  0.0000    ,  0.0000    ,  0.0000    ,  0.0000    ,  0.0000    ,  0.0000    ,  0.0000    ,  0.0000    
 563,   1,   1,  0.0000    ,  0.0000    ,  5291.0    ,  0.0000    ,  0.0000    ,  60.000    ,  0.0000    ,  0.0000    ,  0.0000    ,  0.0000    ,  0.0000    ,  290.00    ,  0.0000    ,  0.0000    ,  0.0000    ,  0.0000    ,  0.0000    ,  0.0000    ,  0.0000    ,  0.0000    
 564,   1,   1,  0.0000    ,  0.0000    ,  5291.0    ,  0.0000    ,  0.0000    ,  60.000    ,  0.0000    ,  0.0000    ,  0.0000    ,  0.0000    ,  0.0000    ,  290.00    ,  0.0000    ,  0.0000    ,  0.0000    ,  0.0000    ,  0.0000    ,  0.0000    ,  0.0000    ,  0.0000    
 565,   1,   1,  0.0000    ,  0.0000    ,  4704.0    ,  0.0000    ,  0.0000    ,  60.000    ,  0.0000    ,  0.0000    ,  0.0000    ,  0.0000    ,  0.0000    ,  290.00    ,  0.0000    ,  0.0000    ,  0.0000    ,  0.0000    ,  0.0000    ,  0.0000    ,  0.0000    ,  0.0000    
 566,   1,   1,  0.0000    ,  0.0000    ,  4704.0    ,  0.0000    ,  0.0000    ,  60.000    ,  0.0000    ,  0.0000    ,  0.0000    ,  0.0000    ,  0.0000    ,  290.00    ,  0.0000    ,  0.0000    ,  0.0000    ,  0.0000    ,  0.0000    ,  0.0000    ,  0.0000    ,  0.0000    
 567,   1,   1,  0.0000    ,  0.0000    ,  4704.0    ,  0.0000    ,  0.0000    ,  60.000    ,  0.0000    ,  0.0000    ,  0.0000    ,  0.0000    ,  0.0000    ,  290.00    ,  0.0000    ,  0.0000    ,  0.0000    ,  0.0000    ,  0.0000    ,  0.0000    ,  0.0000    ,  0.0000    
 568,   1,   1,  0.0000    ,  0.0000    ,  4704.0    ,  0.0000    ,  0.0000    ,  60.000    ,  0.0000    ,  0.0000    ,  0.0000    ,  0.0000    ,  0.0000    ,  290.00    ,  0.0000    ,  0.0000    ,  0.0000    ,  0.0000    ,  0.0000    ,  0.0000    ,  0.0000    ,  0.0000    
 569,   1,   1,  0.0000    ,  0.0000    ,  4704.0    ,  0.0000    ,  0.0000    ,  60.000    ,  0.0000    ,  0.0000    ,  0.0000    ,  0.0000    ,  0.0000    ,  290.00    ,  0.0000    ,  0.0000    ,  0.0000    ,  0.0000    ,  0.0000    ,  0.0000    ,  0.0000    ,  0.0000    
 570,   1,   1,  0.0000    ,  0.0000    ,  5291.0    ,  0.0000    ,  0.0000    ,  60.000    ,  0.0000    ,  0.0000    ,  0.0000    ,  0.0000    ,  0.0000    ,  290.00    ,  0.0000    ,  0.0000    ,  0.0000    ,  0.0000    ,  0.0000    ,  0.0000    ,  0.0000    ,  0.0000    
 571,   1,   1,  0.0000    ,  0.0000    ,  5222.0    ,  0.0000    ,  0.0000    ,  60.000    ,  0.0000    ,  0.0000    ,  0.0000    ,  0.0000    ,  0.0000    ,  290.00    ,  0.0000    ,  0.0000    ,  0.0000    ,  0.0000    ,  0.0000    ,  0.0000    ,  0.0000    ,  0.0000    
 572,   1,   1,  0.0000    ,  0.0000    ,  5222.0    ,  0.0000    ,  0.0000    ,  60.000    ,  0.0000    ,  0.0000    ,  0.0000    ,  0.0000    ,  0.0000    ,  290.00    ,  0.0000    ,  0.0000    ,  0.0000    ,  0.0000    ,  0.0000    ,  0.0000    ,  0.0000    ,  0.0000    
 573,   1,   1,  0.0000    ,  0.0000    ,  5222.0    ,  0.0000    ,  0.0000    ,  60.000    ,  0.0000    ,  0.0000    ,  0.0000    ,  0.0000    ,  0.0000    ,  290.00    ,  0.0000    ,  0.0000    ,  0.0000    ,  0.0000    ,  0.0000    ,  0.0000    ,  0.0000    ,  0.0000    
 574,   1,   1,  0.0000    ,  0.0000    ,  5222.0    ,  0.0000    ,  0.0000    ,  60.000    ,  0.0000    ,  0.0000    ,  0.0000    ,  0.0000    ,  0.0000    ,  290.00    ,  0.0000    ,  0.0000    ,  0.0000    ,  0.0000    ,  0.0000    ,  0.0000    ,  0.0000    ,  0.0000    
 575,   1,   1,  0.0000    ,  0.0000    ,  5446.0    ,  0.0000    ,  0.0000    ,  60.000    ,  0.0000    ,  0.0000    ,  0.0000    ,  0.0000    ,  0.0000    ,  190.00    ,  0.0000    ,  0.0000    ,  0.0000    ,  0.0000    ,  0.0000    ,  0.0000    ,  0.0000    ,  0.0000    
 576,   1,   1,  0.0000    ,  0.0000    ,  5446.0    ,  0.0000    ,  0.0000    ,  60.000    ,  0.0000    ,  0.0000    ,  0.0000    ,  0.0000    ,  0.0000    ,  190.00    ,  0.0000    ,  0.0000    ,  0.0000    ,  0.0000    ,  0.0000    ,  0.0000    ,  0.0000    ,  0.0000    
 577,   1,   1,  0.0000    ,  0.0000    ,  5083.0    ,  0.0000    ,  0.0000    ,  60.000    ,  0.0000    ,  0.0000    ,  0.0000    ,  0.0000    ,  0.0000    ,  190.00    ,  0.0000    ,  0.0000    ,  0.0000    ,  0.0000    ,  0.0000    ,  0.0000    ,  0.0000    ,  0.0000    
 578,   1,   1,  0.0000    ,  0.0000    ,  4734.0    ,  0.0000    ,  0.0000    ,  60.000    ,  0.0000    ,  0.0000    ,  0.0000    ,  0.0000    ,  0.0000    ,  190.00    ,  0.0000    ,  0.0000    ,  0.0000    ,  0.0000    ,  0.0000    ,  0.0000    ,  0.0000    ,  0.0000    
 579,   1,   1,  0.0000    ,  0.0000    ,  4734.0    ,  0.0000    ,  0.0000    ,  60.000    ,  0.0000    ,  0.0000    ,  0.0000    ,  0.0000    ,  0.0000    ,  190.00    ,  0.0000    ,  0.0000    ,  0.0000    ,  0.0000    ,  0.0000    ,  0.0000    ,  0.0000    ,  0.0000    
 580,   1,   1,  0.0000    ,  0.0000    ,  4734.0    ,  0.0000    ,  0.0000    ,  60.000    ,  0.0000    ,  0.0000    ,  0.0000    ,  0.0000    ,  0.0000    ,  190.00    ,  0.0000    ,  0.0000    ,  0.0000    ,  0.0000    ,  0.0000    ,  0.0000    ,  0.0000    ,  0.0000    
 581,   1,   1,  0.0000    ,  0.0000    ,  4299.0    ,  0.0000    ,  0.0000    ,  60.000    ,  0.0000    ,  0.0000    ,  0.0000    ,  0.0000    ,  0.0000    ,  190.00    ,  0.0000    ,  0.0000    ,  0.0000    ,  0.0000    ,  0.0000    ,  0.0000    ,  0.0000    ,  0.0000    
 582,   1,   1,  0.0000    ,  0.0000    ,  4299.0    ,  0.0000    ,  0.0000    ,  60.000    ,  0.0000    ,  0.0000    ,  0.0000    ,  0.0000    ,  0.0000    ,  190.00    ,  0.0000    ,  0.0000    ,  0.0000    ,  0.0000    ,  0.0000    ,  0.0000    ,  0.0000    ,  0.0000    
 583,   1,   1,  0.0000    ,  0.0000    ,  4362.0    ,  0.0000    ,  0.0000    ,  60.000    ,  0.0000    ,  0.0000    ,  0.0000    ,  0.0000    ,  0.0000    ,  290.00    ,  0.0000    ,  0.0000    ,  0.0000    ,  0.0000    ,  0.0000    ,  0.0000    ,  0.0000    ,  0.0000    
 584,   1,   1,  0.0000    ,  0.0000    ,  4362.0    ,  0.0000    ,  0.0000    ,  60.000    ,  0.0000    ,  0.0000    ,  0.0000    ,  0.0000    ,  0.0000    ,  290.00    ,  0.0000    ,  0.0000    ,  0.0000    ,  0.0000    ,  0.0000    ,  0.0000    ,  0.0000    ,  0.0000    
 585,   1,   1,  0.0000    ,  0.0000    ,  5005.0    ,  0.0000    ,  0.0000    ,  60.000    ,  0.0000    ,  0.0000    ,  0.0000    ,  0.0000    ,  0.0000    ,  290.00    ,  0.0000    ,  0.0000    ,  0.0000    ,  0.0000    ,  0.0000    ,  0.0000    ,  0.0000    ,  0.0000    
 586,   1,   1,  0.0000    ,  0.0000    ,  5005.0    ,  0.0000    ,  0.0000    ,  60.000    ,  0.0000    ,  0.0000    ,  0.0000    ,  0.0000    ,  0.0000    ,  290.00    ,  0.0000    ,  0.0000    ,  0.0000    ,  0.0000    ,  0.0000    ,  0.0000    ,  0.0000    ,  0.0000    
 587,   1,   1,  0.0000    ,  0.0000    ,  4362.0    ,  0.0000    ,  0.0000    ,  60.000    ,  0.0000    ,  0.0000    ,  0.0000    ,  0.0000    ,  0.0000    ,  290.00    ,  0.0000    ,  0.0000    ,  0.0000    ,  0.0000    ,  0.0000    ,  0.0000    ,  0.0000    ,  0.0000    
 588,   1,   1,  0.0000    ,  0.0000    ,  4362.0    ,  0.0000    ,  0.0000    ,  60.000    ,  0.0000    ,  0.0000    ,  0.0000    ,  0.0000    ,  0.0000    ,  290.00    ,  0.0000    ,  0.0000    ,  0.0000    ,  0.0000    ,  0.0000    ,  0.0000    ,  0.0000    ,  0.0000    
 589,   1,   1,  0.0000    ,  0.0000    ,  4362.0    ,  0.0000    ,  0.0000    ,  60.000    ,  0.0000    ,  0.0000    ,  0.0000    ,  0.0000    ,  0.0000    ,  290.00    ,  0.0000    ,  0.0000    ,  0.0000    ,  0.0000    ,  0.0000    ,  0.0000    ,  0.0000    ,  0.0000    
 590,   1,   1,  0.0000    ,  0.0000    ,  4362.0    ,  0.0000    ,  0.0000    ,  60.000    ,  0.0000    ,  0.0000    ,  0.0000    ,  0.0000    ,  0.0000    ,  290.00    ,  0.0000    ,  0.0000    ,  0.0000    ,  0.0000    ,  0.0000    ,  0.0000    ,  0.0000    ,  0.0000    
 591,   1,   1,  0.0000    ,  0.0000    ,  4362.0    ,  0.0000    ,  0.0000    ,  60.000    ,  0.0000    ,  0.0000    ,  0.0000    ,  0.0000    ,  0.0000    ,  290.00    ,  0.0000    ,  0.0000    ,  0.0000    ,  0.0000    ,  0.0000    ,  0.0000    ,  0.0000    ,  0.0000    
 592,   1,   1,  0.0000    ,  0.0000    ,  5005.0    ,  0.0000    ,  0.0000    ,  60.000    ,  0.0000    ,  0.0000    ,  0.0000    ,  0.0000    ,  0.0000    ,  290.00    ,  0.0000    ,  0.0000    ,  0.0000    ,  0.0000    ,  0.0000    ,  0.0000    ,  0.0000    ,  0.0000    
 593,   1,   1,  0.0000    ,  0.0000    ,  5005.0    ,  0.0000    ,  0.0000    ,  60.000    ,  0.0000    ,  0.0000    ,  0.0000    ,  0.0000    ,  0.0000    ,  290.00    ,  0.0000    ,  0.0000    ,  0.0000    ,  0.0000    ,  0.0000    ,  0.0000    ,  0.0000    ,  0.0000    
 594,   1,   1,  0.0000    ,  0.0000    ,  5005.0    ,  0.0000    ,  0.0000    ,  60.000    ,  0.0000    ,  0.0000    ,  0.0000    ,  0.0000    ,  0.0000    ,  290.00    ,  0.0000    ,  0.0000    ,  0.0000    ,  0.0000    ,  0.0000    ,  0.0000    ,  0.0000    ,  0.0000    
 595,   1,   1,  0.0000    ,  0.0000    ,  5295.0    ,  0.0000    ,  0.0000    ,  60.000    ,  0.0000    ,  0.0000    ,  0.0000    ,  0.0000    ,  0.0000    ,  290.00    ,  0.0000    ,  0.0000    ,  0.0000    ,  0.0000    ,  0.0000    ,  0.0000    ,  0.0000    ,  0.0000    
 596,   1,   1,  0.0000    ,  0.0000    ,  5295.0    ,  0.0000    ,  0.0000    ,  60.000    ,  0.0000    ,  0.0000    ,  0.0000    ,  0.0000    ,  0.0000    ,  290.00    ,  0.0000    ,  0.0000    ,  0.0000    ,  0.0000    ,  0.0000    ,  0.0000    ,  0.0000    ,  0.0000    
 597,   1,   1,  0.0000    ,  0.0000    ,  5295.0    ,  0.0000    ,  0.0000    ,  60.000    ,  0.0000    ,  0.0000    ,  0.0000    ,  0.0000    ,  0.0000    ,  290.00    ,  0.0000    ,  0.0000    ,  0.0000    ,  0.0000    ,  0.0000    ,  0.0000    ,  0.0000    ,  0.0000    
 598,   1,   1,  0.0000    ,  0.0000    ,  5295.0    ,  0.0000    ,  0.0000    ,  60.000    ,  0.0000    ,  0.0000    ,  0.0000    ,  0.0000    ,  0.0000    ,  290.00    ,  0.0000    ,  0.0000    ,  0.0000    ,  0.0000    ,  0.0000    ,  0.0000    ,  0.0000    ,  0.0000    
 599,   1,   1,  0.0000    ,  0.0000    ,  5083.0    ,  0.0000    ,  0.0000    ,  60.000    ,  0.0000    ,  0.0000    ,  0.0000    ,  0.0000    ,  0.0000    ,  190.00    ,  0.0000    ,  0.0000    ,  0.0000    ,  0.0000    ,  0.0000    ,  0.0000    ,  0.0000    ,  0.0000    
 600,   1,   1,  0.0000    ,  0.0000    ,  5083.0    ,  0.0000    ,  0.0000    ,  60.000    ,  0.0000    ,  0.0000    ,  0.0000    ,  0.0000    ,  0.0000    ,  190.00    ,  0.0000    ,  0.0000    ,  0.0000    ,  0.0000    ,  0.0000    ,  0.0000    ,  0.0000    ,  0.0000    
 601,   1,   1,  0.0000    ,  0.0000    ,  5083.0    ,  0.0000    ,  0.0000    ,  60.000    ,  0.0000    ,  0.0000    ,  0.0000    ,  0.0000    ,  0.0000    ,  190.00    ,  0.0000    ,  0.0000    ,  0.0000    ,  0.0000    ,  0.0000    ,  0.0000    ,  0.0000    ,  0.0000    
 602,   1,   1,  0.0000    ,  0.0000    ,  5083.0    ,  0.0000    ,  0.0000    ,  60.000    ,  0.0000    ,  0.0000    ,  0.0000    ,  0.0000    ,  0.0000    ,  190.00    ,  0.0000    ,  0.0000    ,  0.0000    ,  0.0000    ,  0.0000    ,  0.0000    ,  0.0000    ,  0.0000    
 603,   1,   1,  0.0000    ,  0.0000    ,  4734.0    ,  0.0000    ,  0.0000    ,  60.000    ,  0.0000    ,  0.0000    ,  0.0000    ,  0.0000    ,  0.0000    ,  190.00    ,  0.0000    ,  0.0000    ,  0.0000    ,  0.0000    ,  0.0000    ,  0.0000    ,  0.0000    ,  0.0000    
 604,   1,   1,  0.0000    ,  0.0000    ,  4734.0    ,  0.0000    ,  0.0000    ,  60.000    ,  0.0000    ,  0.0000    ,  0.0000    ,  0.0000    ,  0.0000    ,  190.00    ,  0.0000    ,  0.0000    ,  0.0000    ,  0.0000    ,  0.0000    ,  0.0000    ,  0.0000    ,  0.0000    
 605,   1,   1,  0.0000    ,  0.0000    ,  4299.0    ,  0.0000    ,  0.0000    ,  60.000    ,  0.0000    ,  0.0000    ,  0.0000    ,  0.0000    ,  0.0000    ,  190.00    ,  0.0000    ,  0.0000    ,  0.0000    ,  0.0000    ,  0.0000    ,  0.0000    ,  0.0000    ,  0.0000    
 606,   1,   1,  0.0000    ,  0.0000    ,  4734.0    ,  0.0000    ,  0.0000    ,  60.000    ,  0.0000    ,  0.0000    ,  0.0000    ,  0.0000    ,  0.0000    ,  190.00    ,  0.0000    ,  0.0000    ,  0.0000    ,  0.0000    ,  0.0000    ,  0.0000    ,  0.0000    ,  0.0000    
 607,   1,   1,  0.0000    ,  0.0000    ,  4880.0    ,  0.0000    ,  0.0000    ,  60.000    ,  0.0000    ,  0.0000    ,  0.0000    ,  0.0000    ,  0.0000    ,  290.00    ,  0.0000    ,  0.0000    ,  0.0000    ,  0.0000    ,  0.0000    ,  0.0000    ,  0.0000    ,  0.0000    
 608,   1,   1,  0.0000    ,  0.0000    ,  4880.0    ,  0.0000    ,  0.0000    ,  60.000    ,  0.0000    ,  0.0000    ,  0.0000    ,  0.0000    ,  0.0000    ,  290.00    ,  0.0000    ,  0.0000    ,  0.0000    ,  0.0000    ,  0.0000    ,  0.0000    ,  0.0000    ,  0.0000    
 609,   1,   1,  0.0000    ,  0.0000    ,  4880.0    ,  0.0000    ,  0.0000    ,  60.000    ,  0.0000    ,  0.0000    ,  0.0000    ,  0.0000    ,  0.0000    ,  290.00    ,  0.0000    ,  0.0000    ,  0.0000    ,  0.0000    ,  0.0000    ,  0.0000    ,  0.0000    ,  0.0000    
 610,   1,   1,  0.0000    ,  0.0000    ,  4880.0    ,  0.0000    ,  0.0000    ,  60.000    ,  0.0000    ,  0.0000    ,  0.0000    ,  0.0000    ,  0.0000    ,  290.00    ,  0.0000    ,  0.0000    ,  0.0000    ,  0.0000    ,  0.0000    ,  0.0000    ,  0.0000    ,  0.0000    
 611,   1,   1,  0.0000    ,  0.0000    ,  4880.0    ,  0.0000    ,  0.0000    ,  60.000    ,  0.0000    ,  0.0000    ,  0.0000    ,  0.0000    ,  0.0000    ,  290.00    ,  0.0000    ,  0.0000    ,  0.0000    ,  0.0000    ,  0.0000    ,  0.0000    ,  0.0000    ,  0.0000    
 612,   1,   1,  0.0000    ,  0.0000    ,  4880.0    ,  0.0000    ,  0.0000    ,  60.000    ,  0.0000    ,  0.0000    ,  0.0000    ,  0.0000    ,  0.0000    ,  290.00    ,  0.0000    ,  0.0000    ,  0.0000    ,  0.0000    ,  0.0000    ,  0.0000    ,  0.0000    ,  0.0000    
 613,   1,   1,  0.0000    ,  0.0000    ,  4880.0    ,  0.0000    ,  0.0000    ,  60.000    ,  0.0000    ,  0.0000    ,  0.0000    ,  0.0000    ,  0.0000    ,  290.00    ,  0.0000    ,  0.0000    ,  0.0000    ,  0.0000    ,  0.0000    ,  0.0000    ,  0.0000    ,  0.0000    
 614,   1,   1,  0.0000    ,  0.0000    ,  4880.0    ,  0.0000    ,  0.0000    ,  60.000    ,  0.0000    ,  0.0000    ,  0.0000    ,  0.0000    ,  0.0000    ,  290.00    ,  0.0000    ,  0.0000    ,  0.0000    ,  0.0000    ,  0.0000    ,  0.0000    ,  0.0000    ,  0.0000    
 615,   1,   1,  0.0000    ,  0.0000    ,  4573.0    ,  0.0000    ,  0.0000    ,  60.000    ,  0.0000    ,  0.0000    ,  0.0000    ,  0.0000    ,  0.0000    ,  290.00    ,  0.0000    ,  0.0000    ,  0.0000    ,  0.0000    ,  0.0000    ,  0.0000    ,  0.0000    ,  0.0000    
 616,   1,   1,  0.0000    ,  0.0000    ,  4573.0    ,  0.0000    ,  0.0000    ,  60.000    ,  0.0000    ,  0.0000    ,  0.0000    ,  0.0000    ,  0.0000    ,  290.00    ,  0.0000    ,  0.0000    ,  0.0000    ,  0.0000    ,  0.0000    ,  0.0000    ,  0.0000    ,  0.0000    
 617,   1,   1,  0.0000    ,  0.0000    ,  4880.0    ,  0.0000    ,  0.0000    ,  60.000    ,  0.0000    ,  0.0000    ,  0.0000    ,  0.0000    ,  0.0000    ,  290.00    ,  0.0000    ,  0.0000    ,  0.0000    ,  0.0000    ,  0.0000    ,  0.0000    ,  0.0000    ,  0.0000    
 618,   1,   1,  0.0000    ,  0.0000    ,  4880.0    ,  0.0000    ,  0.0000    ,  60.000    ,  0.0000    ,  0.0000    ,  0.0000    ,  0.0000    ,  0.0000    ,  290.00    ,  0.0000    ,  0.0000    ,  0.0000    ,  0.0000    ,  0.0000    ,  0.0000    ,  0.0000    ,  0.0000    
 619,   1,   1,  0.0000    ,  0.0000    ,  4966.0    ,  0.0000    ,  0.0000    ,  60.000    ,  0.0000    ,  0.0000    ,  0.0000    ,  0.0000    ,  0.0000    ,  290.00    ,  0.0000    ,  0.0000    ,  0.0000    ,  0.0000    ,  0.0000    ,  0.0000    ,  0.0000    ,  0.0000    
 620,   1,   1,  0.0000    ,  0.0000    ,  4966.0    ,  0.0000    ,  0.0000    ,  60.000    ,  0.0000    ,  0.0000    ,  0.0000    ,  0.0000    ,  0.0000    ,  290.00    ,  0.0000    ,  0.0000    ,  0.0000    ,  0.0000    ,  0.0000    ,  0.0000    ,  0.0000    ,  0.0000    
 621,   1,   1,  0.0000    ,  0.0000    ,  4966.0    ,  0.0000    ,  0.0000    ,  60.000    ,  0.0000    ,  0.0000    ,  0.0000    ,  0.0000    ,  0.0000    ,  290.00    ,  0.0000    ,  0.0000    ,  0.0000    ,  0.0000    ,  0.0000    ,  0.0000    ,  0.0000    ,  0.0000    
 622,   1,   1,  0.0000    ,  0.0000    ,  4586.0    ,  0.0000    ,  0.0000    ,  60.000    ,  0.0000    ,  0.0000    ,  0.0000    ,  0.0000    ,  0.0000    ,  290.00    ,  0.0000    ,  0.0000    ,  0.0000    ,  0.0000    ,  0.0000    ,  0.0000    ,  0.0000    ,  0.0000    
 623,   1,   1,  0.0000    ,  0.0000    ,  4299.0    ,  0.0000    ,  0.0000    ,  60.000    ,  0.0000    ,  0.0000    ,  0.0000    ,  0.0000    ,  0.0000    ,  190.00    ,  0.0000    ,  0.0000    ,  0.0000    ,  0.0000    ,  0.0000    ,  0.0000    ,  0.0000    ,  0.0000    
 624,   1,   1,  0.0000    ,  0.0000    ,  4299.0    ,  0.0000    ,  0.0000    ,  60.000    ,  0.0000    ,  0.0000    ,  0.0000    ,  0.0000    ,  0.0000    ,  190.00    ,  0.0000    ,  0.0000    ,  0.0000    ,  0.0000    ,  0.0000    ,  0.0000    ,  0.0000    ,  0.0000    
 625,   1,   1,  0.0000    ,  0.0000    ,  4734.0    ,  0.0000    ,  0.0000    ,  60.000    ,  0.0000    ,  0.0000    ,  0.0000    ,  0.0000    ,  0.0000    ,  190.00    ,  0.0000    ,  0.0000    ,  0.0000    ,  0.0000    ,  0.0000    ,  0.0000    ,  0.0000    ,  0.0000    
 626,   1,   1,  0.0000    ,  0.0000    ,  4734.0    ,  0.0000    ,  0.0000    ,  60.000    ,  0.0000    ,  0.0000    ,  0.0000    ,  0.0000    ,  0.0000    ,  190.00    ,  0.0000    ,  0.0000    ,  0.0000    ,  0.0000    ,  0.0000    ,  0.0000    ,  0.0000    ,  0.0000    
 627,   1,   1,  0.0000    ,  0.0000    ,  4299.0    ,  0.0000    ,  0.0000    ,  60.000    ,  0.0000    ,  0.0000    ,  0.0000    ,  0.0000    ,  0.0000    ,  190.00    ,  0.0000    ,  0.0000    ,  0.0000    ,  0.0000    ,  0.0000    ,  0.0000    ,  0.0000    ,  0.0000    
 628,   1,   1,  0.0000    ,  0.0000    ,  4299.0    ,  0.0000    ,  0.0000    ,  60.000    ,  0.0000    ,  0.0000    ,  0.0000    ,  0.0000    ,  0.0000    ,  190.00    ,  0.0000    ,  0.0000    ,  0.0000    ,  0.0000    ,  0.0000    ,  0.0000    ,  0.0000    ,  0.0000    
 629,   1,   1,  0.0000    ,  0.0000    ,  3864.0    ,  0.0000    ,  0.0000    ,  60.000    ,  0.0000    ,  0.0000    ,  0.0000    ,  0.0000    ,  0.0000    ,  190.00    ,  0.0000    ,  0.0000    ,  0.0000    ,  0.0000    ,  0.0000    ,  0.0000    ,  0.0000    ,  0.0000    
 630,   1,   1,  0.0000    ,  0.0000    ,  3864.0    ,  0.0000    ,  0.0000    ,  60.000    ,  0.0000    ,  0.0000    ,  0.0000    ,  0.0000    ,  0.0000    ,  190.00    ,  0.0000    ,  0.0000    ,  0.0000    ,  0.0000    ,  0.0000    ,  0.0000    ,  0.0000    ,  0.0000    
 631,   1,   1,  0.0000    ,  0.0000    ,  4573.0    ,  0.0000    ,  0.0000    ,  60.000    ,  0.0000    ,  0.0000    ,  0.0000    ,  0.0000    ,  0.0000    ,  290.00    ,  0.0000    ,  0.0000    ,  0.0000    ,  0.0000    ,  0.0000    ,  0.0000    ,  0.0000    ,  0.0000    
 632,   1,   1,  0.0000    ,  0.0000    ,  4573.0    ,  0.0000    ,  0.0000    ,  60.000    ,  0.0000    ,  0.0000    ,  0.0000    ,  0.0000    ,  0.0000    ,  290.00    ,  0.0000    ,  0.0000    ,  0.0000    ,  0.0000    ,  0.0000    ,  0.0000    ,  0.0000    ,  0.0000    
 633,   1,   1,  0.0000    ,  0.0000    ,  4880.0    ,  0.0000    ,  0.0000    ,  60.000    ,  0.0000    ,  0.0000    ,  0.0000    ,  0.0000    ,  0.0000    ,  290.00    ,  0.0000    ,  0.0000    ,  0.0000    ,  0.0000    ,  0.0000    ,  0.0000    ,  0.0000    ,  0.0000    
 634,   1,   1,  0.0000    ,  0.0000    ,  4880.0    ,  0.0000    ,  0.0000    ,  60.000    ,  0.0000    ,  0.0000    ,  0.0000    ,  0.0000    ,  0.0000    ,  290.00    ,  0.0000    ,  0.0000    ,  0.0000    ,  0.0000    ,  0.0000    ,  0.0000    ,  0.0000    ,  0.0000    
 635,   1,   1,  0.0000    ,  0.0000    ,  4880.0    ,  0.0000    ,  0.0000    ,  60.000    ,  0.0000    ,  0.0000    ,  0.0000    ,  0.0000    ,  0.0000    ,  290.00    ,  0.0000    ,  0.0000    ,  0.0000    ,  0.0000    ,  0.0000    ,  0.0000    ,  0.0000    ,  0.0000    
 636,   1,   1,  0.0000    ,  0.0000    ,  4573.0    ,  0.0000    ,  0.0000    ,  60.000    ,  0.0000    ,  0.0000    ,  0.0000    ,  0.0000    ,  0.0000    ,  290.00    ,  0.0000    ,  0.0000    ,  0.0000    ,  0.0000    ,  0.0000    ,  0.0000    ,  0.0000    ,  0.0000    
 637,   1,   1,  0.0000    ,  0.0000    ,  4573.0    ,  0.0000    ,  0.0000    ,  60.000    ,  0.0000    ,  0.0000    ,  0.0000    ,  0.0000    ,  0.0000    ,  290.00    ,  0.0000    ,  0.0000    ,  0.0000    ,  0.0000    ,  0.0000    ,  0.0000    ,  0.0000    ,  0.0000    
 638,   1,   1,  0.0000    ,  0.0000    ,  4573.0    ,  0.0000    ,  0.0000    ,  60.000    ,  0.0000    ,  0.0000    ,  0.0000    ,  0.0000    ,  0.0000    ,  290.00    ,  0.0000    ,  0.0000    ,  0.0000    ,  0.0000    ,  0.0000    ,  0.0000    ,  0.0000    ,  0.0000    
 639,   1,   1,  0.0000    ,  0.0000    ,  4573.0    ,  0.0000    ,  0.0000    ,  60.000    ,  0.0000    ,  0.0000    ,  0.0000    ,  0.0000    ,  0.0000    ,  290.00    ,  0.0000    ,  0.0000    ,  0.0000    ,  0.0000    ,  0.0000    ,  0.0000    ,  0.0000    ,  0.0000    
 640,   1,   1,  0.0000    ,  0.0000    ,  4573.0    ,  0.0000    ,  0.0000    ,  60.000    ,  0.0000    ,  0.0000    ,  0.0000    ,  0.0000    ,  0.0000    ,  290.00    ,  0.0000    ,  0.0000    ,  0.0000    ,  0.0000    ,  0.0000    ,  0.0000    ,  0.0000    ,  0.0000    
 641,   1,   1,  0.0000    ,  0.0000    ,  4573.0    ,  0.0000    ,  0.0000    ,  60.000    ,  0.0000    ,  0.0000    ,  0.0000    ,  0.0000    ,  0.0000    ,  290.00    ,  0.0000    ,  0.0000    ,  0.0000    ,  0.0000    ,  0.0000    ,  0.0000    ,  0.0000    ,  0.0000    
 642,   1,   1,  0.0000    ,  0.0000    ,  4573.0    ,  0.0000    ,  0.0000    ,  60.000    ,  0.0000    ,  0.0000    ,  0.0000    ,  0.0000    ,  0.0000    ,  290.00    ,  0.0000    ,  0.0000    ,  0.0000    ,  0.0000    ,  0.0000    ,  0.0000    ,  0.0000    ,  0.0000    
 643,   1,   1,  0.0000    ,  0.0000    ,  4966.0    ,  0.0000    ,  0.0000    ,  60.000    ,  0.0000    ,  0.0000    ,  0.0000    ,  0.0000    ,  0.0000    ,  290.00    ,  0.0000    ,  0.0000    ,  0.0000    ,  0.0000    ,  0.0000    ,  0.0000    ,  0.0000    ,  0.0000    
 644,   1,   1,  0.0000    ,  0.0000    ,  4966.0    ,  0.0000    ,  0.0000    ,  60.000    ,  0.0000    ,  0.0000    ,  0.0000    ,  0.0000    ,  0.0000    ,  290.00    ,  0.0000    ,  0.0000    ,  0.0000    ,  0.0000    ,  0.0000    ,  0.0000    ,  0.0000    ,  0.0000    
 645,   1,   1,  0.0000    ,  0.0000    ,  4966.0    ,  0.0000    ,  0.0000    ,  60.000    ,  0.0000    ,  0.0000    ,  0.0000    ,  0.0000    ,  0.0000    ,  290.00    ,  0.0000    ,  0.0000    ,  0.0000    ,  0.0000    ,  0.0000    ,  0.0000    ,  0.0000    ,  0.0000    
 646,   1,   1,  0.0000    ,  0.0000    ,  5312.0    ,  0.0000    ,  0.0000    ,  60.000    ,  0.0000    ,  0.0000    ,  0.0000    ,  0.0000    ,  0.0000    ,  290.00    ,  0.0000    ,  0.0000    ,  0.0000    ,  0.0000    ,  0.0000    ,  0.0000    ,  0.0000    ,  0.0000    
 647,   1,   1,  0.0000    ,  0.0000    ,  5083.0    ,  0.0000    ,  0.0000    ,  60.000    ,  0.0000    ,  0.0000    ,  0.0000    ,  0.0000    ,  0.0000    ,  190.00    ,  0.0000    ,  0.0000    ,  0.0000    ,  0.0000    ,  0.0000    ,  0.0000    ,  0.0000    ,  0.0000    
 648,   1,   1,  0.0000    ,  0.0000    ,  5446.0    ,  0.0000    ,  0.0000    ,  60.000    ,  0.0000    ,  0.0000    ,  0.0000    ,  0.0000    ,  0.0000    ,  190.00    ,  0.0000    ,  0.0000    ,  0.0000    ,  0.0000    ,  0.0000    ,  0.0000    ,  0.0000    ,  0.0000    
 649,   1,   1,  0.0000    ,  0.0000    ,  5446.0    ,  0.0000    ,  0.0000    ,  60.000    ,  0.0000    ,  0.0000    ,  0.0000    ,  0.0000    ,  0.0000    ,  190.00    ,  0.0000    ,  0.0000    ,  0.0000    ,  0.0000    ,  0.0000    ,  0.0000    ,  0.0000    ,  0.0000    
 650,   1,   1,  0.0000    ,  0.0000    ,  5083.0    ,  0.0000    ,  0.0000    ,  60.000    ,  0.0000    ,  0.0000    ,  0.0000    ,  0.0000    ,  0.0000    ,  190.00    ,  0.0000    ,  0.0000    ,  0.0000    ,  0.0000    ,  0.0000    ,  0.0000    ,  0.0000    ,  0.0000    
 651,   1,   1,  0.0000    ,  0.0000    ,  5083.0    ,  0.0000    ,  0.0000    ,  60.000    ,  0.0000    ,  0.0000    ,  0.0000    ,  0.0000    ,  0.0000    ,  190.00    ,  0.0000    ,  0.0000    ,  0.0000    ,  0.0000    ,  0.0000    ,  0.0000    ,  0.0000    ,  0.0000    
 652,   1,   1,  0.0000    ,  0.0000    ,  5083.0    ,  0.0000    ,  0.0000    ,  60.000    ,  0.0000    ,  0.0000    ,  0.0000    ,  0.0000    ,  0.0000    ,  190.00    ,  0.0000    ,  0.0000    ,  0.0000    ,  0.0000    ,  0.0000    ,  0.0000    ,  0.0000    ,  0.0000    
 653,   1,   1,  0.0000    ,  0.0000    ,  4734.0    ,  0.0000    ,  0.0000    ,  60.000    ,  0.0000    ,  0.0000    ,  0.0000    ,  0.0000    ,  0.0000    ,  190.00    ,  0.0000    ,  0.0000    ,  0.0000    ,  0.0000    ,  0.0000    ,  0.0000    ,  0.0000    ,  0.0000    
 654,   1,   1,  0.0000    ,  0.0000    ,  4734.0    ,  0.0000    ,  0.0000    ,  60.000    ,  0.0000    ,  0.0000    ,  0.0000    ,  0.0000    ,  0.0000    ,  190.00    ,  0.0000    ,  0.0000    ,  0.0000    ,  0.0000    ,  0.0000    ,  0.0000    ,  0.0000    ,  0.0000    
 655,   1,   1,  0.0000    ,  0.0000    ,  4880.0    ,  0.0000    ,  0.0000    ,  60.000    ,  0.0000    ,  0.0000    ,  0.0000    ,  0.0000    ,  0.0000    ,  290.00    ,  0.0000    ,  0.0000    ,  0.0000    ,  0.0000    ,  0.0000    ,  0.0000    ,  0.0000    ,  0.0000    
 656,   1,   1,  0.0000    ,  0.0000    ,  5339.0    ,  0.0000    ,  0.0000    ,  60.000    ,  0.0000    ,  0.0000    ,  0.0000    ,  0.0000    ,  0.0000    ,  290.00    ,  0.0000    ,  0.0000    ,  0.0000    ,  0.0000    ,  0.0000    ,  0.0000    ,  0.0000    ,  0.0000    
 657,   1,   1,  0.0000    ,  0.0000    ,  5339.0    ,  0.0000    ,  0.0000    ,  60.000    ,  0.0000    ,  0.0000    ,  0.0000    ,  0.0000    ,  0.0000    ,  290.00    ,  0.0000    ,  0.0000    ,  0.0000    ,  0.0000    ,  0.0000    ,  0.0000    ,  0.0000    ,  0.0000    
 658,   1,   1,  0.0000    ,  0.0000    ,  5339.0    ,  0.0000    ,  0.0000    ,  60.000    ,  0.0000    ,  0.0000    ,  0.0000    ,  0.0000    ,  0.0000    ,  290.00    ,  0.0000    ,  0.0000    ,  0.0000    ,  0.0000    ,  0.0000    ,  0.0000    ,  0.0000    ,  0.0000    
 659,   1,   1,  0.0000    ,  0.0000    ,  5339.0    ,  0.0000    ,  0.0000    ,  60.000    ,  0.0000    ,  0.0000    ,  0.0000    ,  0.0000    ,  0.0000    ,  290.00    ,  0.0000    ,  0.0000    ,  0.0000    ,  0.0000    ,  0.0000    ,  0.0000    ,  0.0000    ,  0.0000    
 660,   1,   1,  0.0000    ,  0.0000    ,  5339.0    ,  0.0000    ,  0.0000    ,  60.000    ,  0.0000    ,  0.0000    ,  0.0000    ,  0.0000    ,  0.0000    ,  290.00    ,  0.0000    ,  0.0000    ,  0.0000    ,  0.0000    ,  0.0000    ,  0.0000    ,  0.0000    ,  0.0000    
 661,   1,   1,  0.0000    ,  0.0000    ,  5339.0    ,  0.0000    ,  0.0000    ,  60.000    ,  0.0000    ,  0.0000    ,  0.0000    ,  0.0000    ,  0.0000    ,  290.00    ,  0.0000    ,  0.0000    ,  0.0000    ,  0.0000    ,  0.0000    ,  0.0000    ,  0.0000    ,  0.0000    
 662,   1,   1,  0.0000    ,  0.0000    ,  4880.0    ,  0.0000    ,  0.0000    ,  60.000    ,  0.0000    ,  0.0000    ,  0.0000    ,  0.0000    ,  0.0000    ,  290.00    ,  0.0000    ,  0.0000    ,  0.0000    ,  0.0000    ,  0.0000    ,  0.0000    ,  0.0000    ,  0.0000    
 663,   1,   1,  0.0000    ,  0.0000    ,  4880.0    ,  0.0000    ,  0.0000    ,  60.000    ,  0.0000    ,  0.0000    ,  0.0000    ,  0.0000    ,  0.0000    ,  290.00    ,  0.0000    ,  0.0000    ,  0.0000    ,  0.0000    ,  0.0000    ,  0.0000    ,  0.0000    ,  0.0000    
 664,   1,   1,  0.0000    ,  0.0000    ,  4880.0    ,  0.0000    ,  0.0000    ,  60.000    ,  0.0000    ,  0.0000    ,  0.0000    ,  0.0000    ,  0.0000    ,  290.00    ,  0.0000    ,  0.0000    ,  0.0000    ,  0.0000    ,  0.0000    ,  0.0000    ,  0.0000    ,  0.0000    
 665,   1,   1,  0.0000    ,  0.0000    ,  4880.0    ,  0.0000    ,  0.0000    ,  60.000    ,  0.0000    ,  0.0000    ,  0.0000    ,  0.0000    ,  0.0000    ,  290.00    ,  0.0000    ,  0.0000    ,  0.0000    ,  0.0000    ,  0.0000    ,  0.0000    ,  0.0000    ,  0.0000    
 666,   1,   1,  0.0000    ,  0.0000    ,  5339.0    ,  0.0000    ,  0.0000    ,  60.000    ,  0.0000    ,  0.0000    ,  0.0000    ,  0.0000    ,  0.0000    ,  290.00    ,  0.0000    ,  0.0000    ,  0.0000    ,  0.0000    ,  0.0000    ,  0.0000    ,  0.0000    ,  0.0000    
 667,   1,   1,  0.0000    ,  0.0000    ,  5312.0    ,  0.0000    ,  0.0000    ,  60.000    ,  0.0000    ,  0.0000    ,  0.0000    ,  0.0000    ,  0.0000    ,  290.00    ,  0.0000    ,  0.0000    ,  0.0000    ,  0.0000    ,  0.0000    ,  0.0000    ,  0.0000    ,  0.0000    
 668,   1,   1,  0.0000    ,  0.0000    ,  4966.0    ,  0.0000    ,  0.0000    ,  60.000    ,  0.0000    ,  0.0000    ,  0.0000    ,  0.0000    ,  0.0000    ,  290.00    ,  0.0000    ,  0.0000    ,  0.0000    ,  0.0000    ,  0.0000    ,  0.0000    ,  0.0000    ,  0.0000    
 669,   1,   1,  0.0000    ,  0.0000    ,  4966.0    ,  0.0000    ,  0.0000    ,  60.000    ,  0.0000    ,  0.0000    ,  0.0000    ,  0.0000    ,  0.0000    ,  290.00    ,  0.0000    ,  0.0000    ,  0.0000    ,  0.0000    ,  0.0000    ,  0.0000    ,  0.0000    ,  0.0000    
 670,   1,   1,  0.0000    ,  0.0000    ,  5312.0    ,  0.0000    ,  0.0000    ,  60.000    ,  0.0000    ,  0.0000    ,  0.0000    ,  0.0000    ,  0.0000    ,  290.00    ,  0.0000    ,  0.0000    ,  0.0000    ,  0.0000    ,  0.0000    ,  0.0000    ,  0.0000    ,  0.0000    
 671,   1,   1,  0.0000    ,  0.0000    ,  5083.0    ,  0.0000    ,  0.0000    ,  60.000    ,  0.0000    ,  0.0000    ,  0.0000    ,  0.0000    ,  0.0000    ,  190.00    ,  0.0000    ,  0.0000    ,  0.0000    ,  0.0000    ,  0.0000    ,  0.0000    ,  0.0000    ,  0.0000    
 672,   1,   1,  0.0000    ,  0.0000    ,  5083.0    ,  0.0000    ,  0.0000    ,  60.000    ,  0.0000    ,  0.0000    ,  0.0000    ,  0.0000    ,  0.0000    ,  190.00    ,  0.0000    ,  0.0000    ,  0.0000    ,  0.0000    ,  0.0000    ,  0.0000    ,  0.0000    ,  0.0000    
 673,   1,   1,  0.0000    ,  0.0000    ,  4734.0    ,  0.0000    ,  0.0000    ,  60.000    ,  0.0000    ,  0.0000    ,  0.0000    ,  0.0000    ,  0.0000    ,  190.00    ,  0.0000    ,  0.0000    ,  0.0000    ,  0.0000    ,  0.0000    ,  0.0000    ,  0.0000    ,  0.0000    
 674,   1,   1,  0.0000    ,  0.0000    ,  4734.0    ,  0.0000    ,  0.0000    ,  60.000    ,  0.0000    ,  0.0000    ,  0.0000    ,  0.0000    ,  0.0000    ,  190.00    ,  0.0000    ,  0.0000    ,  0.0000    ,  0.0000    ,  0.0000    ,  0.0000    ,  0.0000    ,  0.0000    
 675,   1,   1,  0.0000    ,  0.0000    ,  4299.0    ,  0.0000    ,  0.0000    ,  60.000    ,  0.0000    ,  0.0000    ,  0.0000    ,  0.0000    ,  0.0000    ,  190.00    ,  0.0000    ,  0.0000    ,  0.0000    ,  0.0000    ,  0.0000    ,  0.0000    ,  0.0000    ,  0.0000    
 676,   1,   1,  0.0000    ,  0.0000    ,  4299.0    ,  0.0000    ,  0.0000    ,  60.000    ,  0.0000    ,  0.0000    ,  0.0000    ,  0.0000    ,  0.0000    ,  190.00    ,  0.0000    ,  0.0000    ,  0.0000    ,  0.0000    ,  0.0000    ,  0.0000    ,  0.0000    ,  0.0000    
 677,   1,   1,  0.0000    ,  0.0000    ,  3864.0    ,  0.0000    ,  0.0000    ,  60.000    ,  0.0000    ,  0.0000    ,  0.0000    ,  0.0000    ,  0.0000    ,  190.00    ,  0.0000    ,  0.0000    ,  0.0000    ,  0.0000    ,  0.0000    ,  0.0000    ,  0.0000    ,  0.0000    
 678,   1,   1,  0.0000    ,  0.0000    ,  3864.0    ,  0.0000    ,  0.0000    ,  60.000    ,  0.0000    ,  0.0000    ,  0.0000    ,  0.0000    ,  0.0000    ,  190.00    ,  0.0000    ,  0.0000    ,  0.0000    ,  0.0000    ,  0.0000    ,  0.0000    ,  0.0000    ,  0.0000    
 679,   1,   1,  0.0000    ,  0.0000    ,  4216.0    ,  0.0000    ,  0.0000    ,  60.000    ,  0.0000    ,  0.0000    ,  0.0000    ,  0.0000    ,  0.0000    ,  190.00    ,  0.0000    ,  0.0000    ,  0.0000    ,  0.0000    ,  0.0000    ,  0.0000    ,  0.0000    ,  0.0000    
 680,   1,   1,  0.0000    ,  0.0000    ,  4573.0    ,  0.0000    ,  0.0000    ,  60.000    ,  0.0000    ,  0.0000    ,  0.0000    ,  0.0000    ,  0.0000    ,  190.00    ,  0.0000    ,  0.0000    ,  0.0000    ,  0.0000    ,  0.0000    ,  0.0000    ,  0.0000    ,  0.0000    
 681,   1,   1,  0.0000    ,  0.0000    ,  4880.0    ,  0.0000    ,  0.0000    ,  60.000    ,  0.0000    ,  0.0000    ,  0.0000    ,  0.0000    ,  0.0000    ,  190.00    ,  0.0000    ,  0.0000    ,  0.0000    ,  0.0000    ,  0.0000    ,  0.0000    ,  0.0000    ,  0.0000    
 682,   1,   1,  0.0000    ,  0.0000    ,  4880.0    ,  0.0000    ,  0.0000    ,  60.000    ,  0.0000    ,  0.0000    ,  0.0000    ,  0.0000    ,  0.0000    ,  190.00    ,  0.0000    ,  0.0000    ,  0.0000    ,  0.0000    ,  0.0000    ,  0.0000    ,  0.0000    ,  0.0000    
 683,   1,   1,  0.0000    ,  0.0000    ,  4573.0    ,  0.0000    ,  0.0000    ,  60.000    ,  0.0000    ,  0.0000    ,  0.0000    ,  0.0000    ,  0.0000    ,  190.00    ,  0.0000    ,  0.0000    ,  0.0000    ,  0.0000    ,  0.0000    ,  0.0000    ,  0.0000    ,  0.0000    
 684,   1,   1,  0.0000    ,  0.0000    ,  4216.0    ,  0.0000    ,  0.0000    ,  60.000    ,  0.0000    ,  0.0000    ,  0.0000    ,  0.0000    ,  0.0000    ,  190.00    ,  0.0000    ,  0.0000    ,  0.0000    ,  0.0000    ,  0.0000    ,  0.0000    ,  0.0000    ,  0.0000    
 685,   1,   1,  0.0000    ,  0.0000    ,  4216.0    ,  0.0000    ,  0.0000    ,  60.000    ,  0.0000    ,  0.0000    ,  0.0000    ,  0.0000    ,  0.0000    ,  190.00    ,  0.0000    ,  0.0000    ,  0.0000    ,  0.0000    ,  0.0000    ,  0.0000    ,  0.0000    ,  0.0000    
 686,   1,   1,  0.0000    ,  0.0000    ,  4216.0    ,  0.0000    ,  0.0000    ,  60.000    ,  0.0000    ,  0.0000    ,  0.0000    ,  0.0000    ,  0.0000    ,  190.00    ,  0.0000    ,  0.0000    ,  0.0000    ,  0.0000    ,  0.0000    ,  0.0000    ,  0.0000    ,  0.0000    
 687,   1,   1,  0.0000    ,  0.0000    ,  4216.0    ,  0.0000    ,  0.0000    ,  60.000    ,  0.0000    ,  0.0000    ,  0.0000    ,  0.0000    ,  0.0000    ,  190.00    ,  0.0000    ,  0.0000    ,  0.0000    ,  0.0000    ,  0.0000    ,  0.0000    ,  0.0000    ,  0.0000    
 688,   1,   1,  0.0000    ,  0.0000    ,  4216.0    ,  0.0000    ,  0.0000    ,  60.000    ,  0.0000    ,  0.0000    ,  0.0000    ,  0.0000    ,  0.0000    ,  190.00    ,  0.0000    ,  0.0000    ,  0.0000    ,  0.0000    ,  0.0000    ,  0.0000    ,  0.0000    ,  0.0000    
 689,   1,   1,  0.0000    ,  0.0000    ,  4216.0    ,  0.0000    ,  0.0000    ,  60.000    ,  0.0000    ,  0.0000    ,  0.0000    ,  0.0000    ,  0.0000    ,  190.00    ,  0.0000    ,  0.0000    ,  0.0000    ,  0.0000    ,  0.0000    ,  0.0000    ,  0.0000    ,  0.0000    
 690,   1,   1,  0.0000    ,  0.0000    ,  4573.0    ,  0.0000    ,  0.0000    ,  60.000    ,  0.0000    ,  0.0000    ,  0.0000    ,  0.0000    ,  0.0000    ,  190.00    ,  0.0000    ,  0.0000    ,  0.0000    ,  0.0000    ,  0.0000    ,  0.0000    ,  0.0000    ,  0.0000    
 691,   1,   1,  0.0000    ,  0.0000    ,  4586.0    ,  0.0000    ,  0.0000    ,  60.000    ,  0.0000    ,  0.0000    ,  0.0000    ,  0.0000    ,  0.0000    ,  190.00    ,  0.0000    ,  0.0000    ,  0.0000    ,  0.0000    ,  0.0000    ,  0.0000    ,  0.0000    ,  0.0000    
 692,   1,   1,  0.0000    ,  0.0000    ,  4966.0    ,  0.0000    ,  0.0000    ,  60.000    ,  0.0000    ,  0.0000    ,  0.0000    ,  0.0000    ,  0.0000    ,  190.00    ,  0.0000    ,  0.0000    ,  0.0000    ,  0.0000    ,  0.0000    ,  0.0000    ,  0.0000    ,  0.0000    
 693,   1,   1,  0.0000    ,  0.0000    ,  4966.0    ,  0.0000    ,  0.0000    ,  60.000    ,  0.0000    ,  0.0000    ,  0.0000    ,  0.0000    ,  0.0000    ,  190.00    ,  0.0000    ,  0.0000    ,  0.0000    ,  0.0000    ,  0.0000    ,  0.0000    ,  0.0000    ,  0.0000    
 694,   1,   1,  0.0000    ,  0.0000    ,  4966.0    ,  0.0000    ,  0.0000    ,  60.000    ,  0.0000    ,  0.0000    ,  0.0000    ,  0.0000    ,  0.0000    ,  190.00    ,  0.0000    ,  0.0000    ,  0.0000    ,  0.0000    ,  0.0000    ,  0.0000    ,  0.0000    ,  0.0000    
 695,   1,   1,  0.0000    ,  0.0000    ,  4734.0    ,  0.0000    ,  0.0000    ,  60.000    ,  0.0000    ,  0.0000    ,  0.0000    ,  0.0000    ,  0.0000    ,  190.00    ,  0.0000    ,  0.0000    ,  0.0000    ,  0.0000    ,  0.0000    ,  0.0000    ,  0.0000    ,  0.0000    
 696,   1,   1,  0.0000    ,  0.0000    ,  4734.0    ,  0.0000    ,  0.0000    ,  60.000    ,  0.0000    ,  0.0000    ,  0.0000    ,  0.0000    ,  0.0000    ,  190.00    ,  0.0000    ,  0.0000    ,  0.0000    ,  0.0000    ,  0.0000    ,  0.0000    ,  0.0000    ,  0.0000    
 697,   1,   1,  0.0000    ,  0.0000    ,  4734.0    ,  0.0000    ,  0.0000    ,  60.000    ,  0.0000    ,  0.0000    ,  0.0000    ,  0.0000    ,  0.0000    ,  190.00    ,  0.0000    ,  0.0000    ,  0.0000    ,  0.0000    ,  0.0000    ,  0.0000    ,  0.0000    ,  0.0000    
 698,   1,   1,  0.0000    ,  0.0000    ,  4299.0    ,  0.0000    ,  0.0000    ,  60.000    ,  0.0000    ,  0.0000    ,  0.0000    ,  0.0000    ,  0.0000    ,  190.00    ,  0.0000    ,  0.0000    ,  0.0000    ,  0.0000    ,  0.0000    ,  0.0000    ,  0.0000    ,  0.0000    
 699,   1,   1,  0.0000    ,  0.0000    ,  3864.0    ,  0.0000    ,  0.0000    ,  60.000    ,  0.0000    ,  0.0000    ,  0.0000    ,  0.0000    ,  0.0000    ,  190.00    ,  0.0000    ,  0.0000    ,  0.0000    ,  0.0000    ,  0.0000    ,  0.0000    ,  0.0000    ,  0.0000    
 700,   1,   1,  0.0000    ,  0.0000    ,  3864.0    ,  0.0000    ,  0.0000    ,  60.000    ,  0.0000    ,  0.0000    ,  0.0000    ,  0.0000    ,  0.0000    ,  190.00    ,  0.0000    ,  0.0000    ,  0.0000    ,  0.0000    ,  0.0000    ,  0.0000    ,  0.0000    ,  0.0000    
 701,   1,   1,  0.0000    ,  0.0000    ,  3864.0    ,  0.0000    ,  0.0000    ,  60.000    ,  0.0000    ,  0.0000    ,  0.0000    ,  0.0000    ,  0.0000    ,  190.00    ,  0.0000    ,  0.0000    ,  0.0000    ,  0.0000    ,  0.0000    ,  0.0000    ,  0.0000    ,  0.0000    
 702,   1,   1,  0.0000    ,  0.0000    ,  3864.0    ,  0.0000    ,  0.0000    ,  60.000    ,  0.0000    ,  0.0000    ,  0.0000    ,  0.0000    ,  0.0000    ,  190.00    ,  0.0000    ,  0.0000    ,  0.0000    ,  0.0000    ,  0.0000    ,  0.0000    ,  0.0000    ,  0.0000    
 703,   1,   1,  0.0000    ,  0.0000    ,  4216.0    ,  0.0000    ,  0.0000    ,  60.000    ,  0.0000    ,  0.0000    ,  0.0000    ,  0.0000    ,  0.0000    ,  290.00    ,  0.0000    ,  0.0000    ,  0.0000    ,  0.0000    ,  0.0000    ,  0.0000    ,  0.0000    ,  0.0000    
 704,   1,   1,  0.0000    ,  0.0000    ,  4216.0    ,  0.0000    ,  0.0000    ,  60.000    ,  0.0000    ,  0.0000    ,  0.0000    ,  0.0000    ,  0.0000    ,  290.00    ,  0.0000    ,  0.0000    ,  0.0000    ,  0.0000    ,  0.0000    ,  0.0000    ,  0.0000    ,  0.0000    
 705,   1,   1,  0.0000    ,  0.0000    ,  4573.0    ,  0.0000    ,  0.0000    ,  60.000    ,  0.0000    ,  0.0000    ,  0.0000    ,  0.0000    ,  0.0000    ,  290.00    ,  0.0000    ,  0.0000    ,  0.0000    ,  0.0000    ,  0.0000    ,  0.0000    ,  0.0000    ,  0.0000    
 706,   1,   1,  0.0000    ,  0.0000    ,  4573.0    ,  0.0000    ,  0.0000    ,  60.000    ,  0.0000    ,  0.0000    ,  0.0000    ,  0.0000    ,  0.0000    ,  290.00    ,  0.0000    ,  0.0000    ,  0.0000    ,  0.0000    ,  0.0000    ,  0.0000    ,  0.0000    ,  0.0000    
 707,   1,   1,  0.0000    ,  0.0000    ,  4216.0    ,  0.0000    ,  0.0000    ,  60.000    ,  0.0000    ,  0.0000    ,  0.0000    ,  0.0000    ,  0.0000    ,  290.00    ,  0.0000    ,  0.0000    ,  0.0000    ,  0.0000    ,  0.0000    ,  0.0000    ,  0.0000    ,  0.0000    
 708,   1,   1,  0.0000    ,  0.0000    ,  4216.0    ,  0.0000    ,  0.0000    ,  60.000    ,  0.0000    ,  0.0000    ,  0.0000    ,  0.0000    ,  0.0000    ,  290.00    ,  0.0000    ,  0.0000    ,  0.0000    ,  0.0000    ,  0.0000    ,  0.0000    ,  0.0000    ,  0.0000    
 709,   1,   1,  0.0000    ,  0.0000    ,  4216.0    ,  0.0000    ,  0.0000    ,  60.000    ,  0.0000    ,  0.0000    ,  0.0000    ,  0.0000    ,  0.0000    ,  290.00    ,  0.0000    ,  0.0000    ,  0.0000    ,  0.0000    ,  0.0000    ,  0.0000    ,  0.0000    ,  0.0000    
 710,   1,   1,  0.0000    ,  0.0000    ,  4216.0    ,  0.0000    ,  0.0000    ,  60.000    ,  0.0000    ,  0.0000    ,  0.0000    ,  0.0000    ,  0.0000    ,  290.00    ,  0.0000    ,  0.0000    ,  0.0000    ,  0.0000    ,  0.0000    ,  0.0000    ,  0.0000    ,  0.0000    
 711,   1,   1,  0.0000    ,  0.0000    ,  4216.0    ,  0.0000    ,  0.0000    ,  60.000    ,  0.0000    ,  0.0000    ,  0.0000    ,  0.0000    ,  0.0000    ,  290.00    ,  0.0000    ,  0.0000    ,  0.0000    ,  0.0000    ,  0.0000    ,  0.0000    ,  0.0000    ,  0.0000    
 712,   1,   1,  0.0000    ,  0.0000    ,  4216.0    ,  0.0000    ,  0.0000    ,  60.000    ,  0.0000    ,  0.0000    ,  0.0000    ,  0.0000    ,  0.0000    ,  290.00    ,  0.0000    ,  0.0000    ,  0.0000    ,  0.0000    ,  0.0000    ,  0.0000    ,  0.0000    ,  0.0000    
 713,   1,   1,  0.0000    ,  0.0000    ,  4216.0    ,  0.0000    ,  0.0000    ,  60.000    ,  0.0000    ,  0.0000    ,  0.0000    ,  0.0000    ,  0.0000    ,  290.00    ,  0.0000    ,  0.0000    ,  0.0000    ,  0.0000    ,  0.0000    ,  0.0000    ,  0.0000    ,  0.0000    
 714,   1,   1,  0.0000    ,  0.0000    ,  4573.0    ,  0.0000    ,  0.0000    ,  60.000    ,  0.0000    ,  0.0000    ,  0.0000    ,  0.0000    ,  0.0000    ,  290.00    ,  0.0000    ,  0.0000    ,  0.0000    ,  0.0000    ,  0.0000    ,  0.0000    ,  0.0000    ,  0.0000    
 715,   1,   1,  0.0000    ,  0.0000    ,  4586.0    ,  0.0000    ,  0.0000    ,  60.000    ,  0.0000    ,  0.0000    ,  0.0000    ,  0.0000    ,  0.0000    ,  290.00    ,  0.0000    ,  0.0000    ,  0.0000    ,  0.0000    ,  0.0000    ,  0.0000    ,  0.0000    ,  0.0000    
 716,   1,   1,  0.0000    ,  0.0000    ,  4586.0    ,  0.0000    ,  0.0000    ,  60.000    ,  0.0000    ,  0.0000    ,  0.0000    ,  0.0000    ,  0.0000    ,  290.00    ,  0.0000    ,  0.0000    ,  0.0000    ,  0.0000    ,  0.0000    ,  0.0000    ,  0.0000    ,  0.0000    
 717,   1,   1,  0.0000    ,  0.0000    ,  4586.0    ,  0.0000    ,  0.0000    ,  60.000    ,  0.0000    ,  0.0000    ,  0.0000    ,  0.0000    ,  0.0000    ,  290.00    ,  0.0000    ,  0.0000    ,  0.0000    ,  0.0000    ,  0.0000    ,  0.0000    ,  0.0000    ,  0.0000    
 718,   1,   1,  0.0000    ,  0.0000    ,  4586.0    ,  0.0000    ,  0.0000    ,  60.000    ,  0.0000    ,  0.0000    ,  0.0000    ,  0.0000    ,  0.0000    ,  290.00    ,  0.0000    ,  0.0000    ,  0.0000    ,  0.0000    ,  0.0000    ,  0.0000    ,  0.0000    ,  0.0000    
 719,   1,   1,  0.0000    ,  0.0000    ,  4299.0    ,  0.0000    ,  0.0000    ,  60.000    ,  0.0000    ,  0.0000    ,  0.0000    ,  0.0000    ,  0.0000    ,  190.00    ,  0.0000    ,  0.0000    ,  0.0000    ,  0.0000    ,  0.0000    ,  0.0000    ,  0.0000    ,  0.0000    
 720,   1,   1,  0.0000    ,  0.0000    ,  4734.0    ,  0.0000    ,  0.0000    ,  60.000    ,  0.0000    ,  0.0000    ,  0.0000    ,  0.0000    ,  0.0000    ,  190.00    ,  0.0000    ,  0.0000    ,  0.0000    ,  0.0000    ,  0.0000    ,  0.0000    ,  0.0000    ,  0.0000    
 721,   1,   1,  0.0000    ,  0.0000    ,  4299.0    ,  0.0000    ,  0.0000    ,  60.000    ,  0.0000    ,  0.0000    ,  0.0000    ,  0.0000    ,  0.0000    ,  190.00    ,  0.0000    ,  0.0000    ,  0.0000    ,  0.0000    ,  0.0000    ,  0.0000    ,  0.0000    ,  0.0000    
 722,   1,   1,  0.0000    ,  0.0000    ,  4299.0    ,  0.0000    ,  0.0000    ,  60.000    ,  0.0000    ,  0.0000    ,  0.0000    ,  0.0000    ,  0.0000    ,  190.00    ,  0.0000    ,  0.0000    ,  0.0000    ,  0.0000    ,  0.0000    ,  0.0000    ,  0.0000    ,  0.0000    
 723,   1,   1,  0.0000    ,  0.0000    ,  3864.0    ,  0.0000    ,  0.0000    ,  60.000    ,  0.0000    ,  0.0000    ,  0.0000    ,  0.0000    ,  0.0000    ,  190.00    ,  0.0000    ,  0.0000    ,  0.0000    ,  0.0000    ,  0.0000    ,  0.0000    ,  0.0000    ,  0.0000    
 724,   1,   1,  0.0000    ,  0.0000    ,  3864.0    ,  0.0000    ,  0.0000    ,  60.000    ,  0.0000    ,  0.0000    ,  0.0000    ,  0.0000    ,  0.0000    ,  190.00    ,  0.0000    ,  0.0000    ,  0.0000    ,  0.0000    ,  0.0000    ,  0.0000    ,  0.0000    ,  0.0000    
 725,   1,   1,  0.0000    ,  0.0000    ,  3864.0    ,  0.0000    ,  0.0000    ,  60.000    ,  0.0000    ,  0.0000    ,  0.0000    ,  0.0000    ,  0.0000    ,  190.00    ,  0.0000    ,  0.0000    ,  0.0000    ,  0.0000    ,  0.0000    ,  0.0000    ,  0.0000    ,  0.0000    
 726,   1,   1,  0.0000    ,  0.0000    ,  3864.0    ,  0.0000    ,  0.0000    ,  60.000    ,  0.0000    ,  0.0000    ,  0.0000    ,  0.0000    ,  0.0000    ,  190.00    ,  0.0000    ,  0.0000    ,  0.0000    ,  0.0000    ,  0.0000    ,  0.0000    ,  0.0000    ,  0.0000    
 727,   1,   1,  0.0000    ,  0.0000    ,  4704.0    ,  0.0000    ,  0.0000    ,  60.000    ,  0.0000    ,  0.0000    ,  0.0000    ,  0.0000    ,  0.0000    ,  290.00    ,  0.0000    ,  0.0000    ,  0.0000    ,  0.0000    ,  0.0000    ,  0.0000    ,  0.0000    ,  0.0000    
 728,   1,   1,  0.0000    ,  0.0000    ,  4704.0    ,  0.0000    ,  0.0000    ,  60.000    ,  0.0000    ,  0.0000    ,  0.0000    ,  0.0000    ,  0.0000    ,  290.00    ,  0.0000    ,  0.0000    ,  0.0000    ,  0.0000    ,  0.0000    ,  0.0000    ,  0.0000    ,  0.0000    
 729,   1,   1,  0.0000    ,  0.0000    ,  4704.0    ,  0.0000    ,  0.0000    ,  60.000    ,  0.0000    ,  0.0000    ,  0.0000    ,  0.0000    ,  0.0000    ,  290.00    ,  0.0000    ,  0.0000    ,  0.0000    ,  0.0000    ,  0.0000    ,  0.0000    ,  0.0000    ,  0.0000    
 730,   1,   1,  0.0000    ,  0.0000    ,  4704.0    ,  0.0000    ,  0.0000    ,  60.000    ,  0.0000    ,  0.0000    ,  0.0000    ,  0.0000    ,  0.0000    ,  290.00    ,  0.0000    ,  0.0000    ,  0.0000    ,  0.0000    ,  0.0000    ,  0.0000    ,  0.0000    ,  0.0000    
 731,   1,   1,  0.0000    ,  0.0000    ,  4704.0    ,  0.0000    ,  0.0000    ,  60.000    ,  0.0000    ,  0.0000    ,  0.0000    ,  0.0000    ,  0.0000    ,  290.00    ,  0.0000    ,  0.0000    ,  0.0000    ,  0.0000    ,  0.0000    ,  0.0000    ,  0.0000    ,  0.0000    
 732,   1,   1,  0.0000    ,  0.0000    ,  4704.0    ,  0.0000    ,  0.0000    ,  60.000    ,  0.0000    ,  0.0000    ,  0.0000    ,  0.0000    ,  0.0000    ,  290.00    ,  0.0000    ,  0.0000    ,  0.0000    ,  0.0000    ,  0.0000    ,  0.0000    ,  0.0000    ,  0.0000    
 733,   1,   1,  0.0000    ,  0.0000    ,  4704.0    ,  0.0000    ,  0.0000    ,  60.000    ,  0.0000    ,  0.0000    ,  0.0000    ,  0.0000    ,  0.0000    ,  290.00    ,  0.0000    ,  0.0000    ,  0.0000    ,  0.0000    ,  0.0000    ,  0.0000    ,  0.0000    ,  0.0000    
 734,   1,   1,  0.0000    ,  0.0000    ,  4704.0    ,  0.0000    ,  0.0000    ,  60.000    ,  0.0000    ,  0.0000    ,  0.0000    ,  0.0000    ,  0.0000    ,  290.00    ,  0.0000    ,  0.0000    ,  0.0000    ,  0.0000    ,  0.0000    ,  0.0000    ,  0.0000    ,  0.0000    
 735,   1,   1,  0.0000    ,  0.0000    ,  4704.0    ,  0.0000    ,  0.0000    ,  60.000    ,  0.0000    ,  0.0000    ,  0.0000    ,  0.0000    ,  0.0000    ,  290.00    ,  0.0000    ,  0.0000    ,  0.0000    ,  0.0000    ,  0.0000    ,  0.0000    ,  0.0000    ,  0.0000    
 736,   1,   1,  0.0000    ,  0.0000    ,  4704.0    ,  0.0000    ,  0.0000    ,  60.000    ,  0.0000    ,  0.0000    ,  0.0000    ,  0.0000    ,  0.0000    ,  290.00    ,  0.0000    ,  0.0000    ,  0.0000    ,  0.0000    ,  0.0000    ,  0.0000    ,  0.0000    ,  0.0000    
 737,   1,   1,  0.0000    ,  0.0000    ,  4704.0    ,  0.0000    ,  0.0000    ,  60.000    ,  0.0000    ,  0.0000    ,  0.0000    ,  0.0000    ,  0.0000    ,  290.00    ,  0.0000    ,  0.0000    ,  0.0000    ,  0.0000    ,  0.0000    ,  0.0000    ,  0.0000    ,  0.0000    
 738,   1,   1,  0.0000    ,  0.0000    ,  5291.0    ,  0.0000    ,  0.0000    ,  60.000    ,  0.0000    ,  0.0000    ,  0.0000    ,  0.0000    ,  0.0000    ,  290.00    ,  0.0000    ,  0.0000    ,  0.0000    ,  0.0000    ,  0.0000    ,  0.0000    ,  0.0000    ,  0.0000    
 739,   1,   1,  0.0000    ,  0.0000    ,  5683.0    ,  0.0000    ,  0.0000    ,  60.000    ,  0.0000    ,  0.0000    ,  0.0000    ,  0.0000    ,  0.0000    ,  290.00    ,  0.0000    ,  0.0000    ,  0.0000    ,  0.0000    ,  0.0000    ,  0.0000    ,  0.0000    ,  0.0000    
 740,   1,   1,  0.0000    ,  0.0000    ,  5683.0    ,  0.0000    ,  0.0000    ,  60.000    ,  0.0000    ,  0.0000    ,  0.0000    ,  0.0000    ,  0.0000    ,  290.00    ,  0.0000    ,  0.0000    ,  0.0000    ,  0.0000    ,  0.0000    ,  0.0000    ,  0.0000    ,  0.0000    
 741,   1,   1,  0.0000    ,  0.0000    ,  5683.0    ,  0.0000    ,  0.0000    ,  60.000    ,  0.0000    ,  0.0000    ,  0.0000    ,  0.0000    ,  0.0000    ,  290.00    ,  0.0000    ,  0.0000    ,  0.0000    ,  0.0000    ,  0.0000    ,  0.0000    ,  0.0000    ,  0.0000    
 742,   1,   1,  0.0000    ,  0.0000    ,  5683.0    ,  0.0000    ,  0.0000    ,  60.000    ,  0.0000    ,  0.0000    ,  0.0000    ,  0.0000    ,  0.0000    ,  290.00    ,  0.0000    ,  0.0000    ,  0.0000    ,  0.0000    ,  0.0000    ,  0.0000    ,  0.0000    ,  0.0000    
 743,   1,   1,  0.0000    ,  0.0000    ,  5446.0    ,  0.0000    ,  0.0000    ,  60.000    ,  0.0000    ,  0.0000    ,  0.0000    ,  0.0000    ,  0.0000    ,  190.00    ,  0.0000    ,  0.0000    ,  0.0000    ,  0.0000    ,  0.0000    ,  0.0000    ,  0.0000    ,  0.0000    
 744,   1,   1,  0.0000    ,  0.0000    ,  5446.0    ,  0.0000    ,  0.0000    ,  60.000    ,  0.0000    ,  0.0000    ,  0.0000    ,  0.0000    ,  0.0000    ,  190.00    ,  0.0000    ,  0.0000    ,  0.0000    ,  0.0000    ,  0.0000    ,  0.0000    ,  0.0000    ,  0.0000    
